Multiple size <= 100
TEST 1 ARG:52 91 68 51 99 28 29 92 22 53 94 93 18 50 17 14 67 2 78 63 58 79 34 25 96 62 19 71 41 39 15 86 27 72 30 6 87 80 64 74 56 88 9 20 84 48 76 55 89 40 1 23 81 31 13 54 26 24 11 3 98 32 66 90 46 83 49 47 16 42 21 4 85 75 12 43 0 73 82 38 61 44 45 33 57 10 59 35 36 95 7 77 69 60 37 8 65 97 70 5 
TEST 2 ARG:80 96 66 26 3 48 82 36 95 90 7 20 31 49 32 60 86 53 28 39 14 42 47 21 40 91 2 63 6 52 81 33 12 61 27 55 72 98 24 83 89 46 19 0 8 16 41 37 78 84 18 54 35 59 69 92 15 11 62 85 75 99 22 17 71 87 5 65 43 94 56 76 10 50 13 38 64 93 79 88 57 34 51 70 67 44 74 97 73 1 58 23 29 45 68 9 4 30 25 77 
TEST 3 ARG:49 87 40 34 62 74 44 83 84 8 95 5 28 57 41 29 9 88 90 50 6 72 20 32 94 19 1 14 23 93 33 71 21 54 53 60 38 13 47 73 81 92 82 45 61 58 37 67 7 24 3 79 0 96 78 55 85 39 70 63 31 65 48 56 68 35 42 69 89 26 10 2 11 99 51 43 76 66 4 12 27 64 18 75 30 98 16 77 17 25 46 36 86 15 59 22 52 80 91 97 
TEST 4 ARG:33 81 20 25 58 2 31 73 66 4 83 34 16 0 12 10 77 90 37 5 13 71 54 93 49 53 22 40 75 52 51 24 29 1 45 65 41 74 64 23 67 26 61 94 98 27 70 95 60 36 78 15 42 86 8 99 76 56 84 89 46 63 55 62 38 19 17 14 87 88 6 91 80 7 59 79 72 97 3 35 69 96 57 32 43 9 68 44 39 47 50 18 11 21 85 82 48 28 92 30 
TEST 5 ARG:83 65 47 37 25 51 14 71 44 75 81 28 95 94 35 99 76 31 2 46 8 73 45 84 59 74 91 58 56 97 87 85 52 78 18 21 16 49 90 98 20 80 24 11 57 4 70 79 48 34 32 69 53 96 41 30 68 26 93 29 54 42 55 23 22 7 66 27 67 86 77 33 5 6 39 12 92 61 62 50 82 40 60 36 88 72 38 13 10 1 19 43 3 63 17 0 89 9 64 15 
TEST 6 ARG:45 98 21 74 52 84 29 97 41 82 15 0 19 57 70 8 6 31 9 67 96 94 95 43 12 18 26 24 53 66 90 63 7 60 62 68 85 39 38 30 32 51 27 4 40 56 81 37 79 80 1 61 50 28 76 65 2 77 91 93 59 14 5 34 86 11 71 47 87 73 42 69 92 16 23 88 10 36 48 89 75 22 64 13 83 44 35 20 17 55 58 54 33 99 72 78 25 46 49 3 
TEST 7 ARG:13 8 39 46 90 93 65 51 37 1 89 27 0 92 50 16 91 20 59 73 69 35 15 38 24 44 45 32 85 43 28 11 86 96 36 70 75 2 94 61 49 58 29 57 56 22 48 76 66 21 88 95 68 67 14 3 19 79 82 53 81 40 97 30 18 6 42 87 54 34 99 84 12 4 41 72 33 26 7 98 71 23 77 80 64 47 74 62 52 83 55 5 10 78 25 17 31 63 60 9 
TEST 8 ARG:86 88 8 67 27 25 52 14 65 38 91 20 76 35 3 95 49 56 62 6 44 43 75 2 10 18 15 81 74 66 40 77 32 71 26 16 34 55 22 23 87 51 0 28 33 39 1 58 61 5 42 94 92 68 98 90 11 84 54 19 17 60 64 99 72 57 83 73 46 45 30 82 63 9 69 7 78 96 36 85 79 24 31 89 93 80 50 21 97 12 59 37 47 4 70 53 29 41 48 13 
TEST 9 ARG:74 61 59 82 57 56 20 1 35 85 16 75 80 17 42 41 32 76 55 4 86 71 84 30 24 68 25 51 34 0 13 12 44 93 8 26 21 89 96 87 79 69 97 29 64 90 11 5 78 73 91 52 49 77 18 72 67 28 9 31 81 53 94 33 92 83 45 60 6 88 47 63 66 3 48 70 37 2 58 62 95 54 39 10 27 99 23 36 19 38 15 40 46 14 65 22 43 50 98 7 
TEST 10 ARG:98 11 92 57 32 49 53 34 4 95 45 83 69 39 6 96 82 86 44 76 24 79 46 97 22 0 5 70 61 2 35 14 58 94 30 21 60 88 50 16 52 19 23 84 27 47 25 87 7 37 28 65 38 85 43 17 80 12 1 29 81 9 33 26 48 90 63 89 40 36 91 20 99 68 8 18 71 75 93 72 64 62 67 13 56 73 10 77 74 78 15 59 51 3 54 55 66 41 31 42 
TEST 11 ARG:19 3 30 65 9 53 15 29 58 27 6 38 41 33 73 28 94 82 69 16 34 99 36 80 78 26 90 71 32 14 18 11 63 66 25 50 13 97 45 17 92 20 56 68 4 67 76 44 59 48 54 43 74 96 55 61 5 37 31 81 86 51 10 62 72 24 93 52 12 70 8 98 39 42 91 2 1 35 40 23 7 0 79 21 22 83 47 57 89 75 49 88 77 85 87 95 46 84 60 64 
TEST 12 ARG:95 50 24 37 86 9 94 59 71 83 97 13 47 7 73 29 0 22 25 41 74 34 61 28 81 2 23 67 17 64 33 46 32 15 44 48 78 19 66 6 85 98 3 51 79 87 77 49 55 35 58 54 92 27 43 21 42 12 68 45 11 1 30 60 20 93 40 88 84 70 16 89 26 57 63 14 76 4 56 90 5 53 75 62 99 8 10 52 82 65 69 31 18 72 96 36 39 80 38 91 
TEST 13 ARG:74 34 66 43 80 33 63 6 64 40 29 5 70 56 57 72 46 13 91 59 42 39 84 35 86 15 28 96 75 1 50 69 27 30 90 4 55 24 65 54 23 12 89 19 51 83 93 95 67 53 14 60 9 26 81 48 92 7 2 94 68 77 20 0 73 36 37 87 38 85 10 99 97 49 3 45 76 88 58 32 79 52 78 31 41 98 11 22 82 17 62 18 44 21 47 71 16 8 61 25 
TEST 14 ARG:4 79 1 84 56 55 74 67 17 24 30 12 63 16 75 57 92 33 66 53 88 13 25 87 46 21 90 8 96 35 94 83 93 6 91 34 11 49 80 2 62 85 10 65 58 36 70 45 39 86 9 59 52 0 47 41 89 44 20 29 19 31 22 42 73 69 50 95 78 38 76 28 27 98 61 60 77 64 37 14 40 72 48 68 99 82 7 15 71 54 18 23 81 5 51 97 3 43 26 32 
TEST 15 ARG:11 94 30 74 28 23 14 35 19 53 65 55 90 29 43 69 59 64 49 98 6 71 25 51 22 47 56 38 48 92 44 97 16 79 1 34 3 31 72 76 73 78 12 86 66 83 4 42 46 62 26 45 88 58 36 67 82 50 91 95 15 21 2 85 7 80 93 40 61 18 96 17 70 37 75 89 99 81 20 54 41 13 5 0 60 84 24 9 57 10 27 8 87 52 68 63 32 77 33 39 
TEST 16 ARG:93 27 15 22 82 69 46 38 65 16 28 39 76 47 35 13 0 92 75 71 86 83 42 36 26 64 9 88 77 78 99 3 97 52 73 1 7 20 34 10 61 53 44 41 8 55 57 19 56 51 67 54 68 25 79 89 98 60 59 14 48 74 62 5 23 90 37 21 29 80 87 63 12 66 30 50 4 6 43 91 85 58 17 70 94 45 18 72 96 81 95 31 2 40 33 32 24 84 11 49 
TEST 17 ARG:44 26 88 66 13 86 16 6 96 4 35 40 99 15 81 63 54 29 83 30 90 52 18 53 70 9 59 17 38 10 74 23 62 33 75 42 55 91 82 65 0 46 61 50 14 32 47 64 7 1 92 3 95 76 57 71 51 37 20 93 41 68 25 98 27 22 24 60 89 21 72 8 80 49 19 67 79 36 69 5 73 12 31 87 94 77 56 85 34 43 45 97 11 48 39 78 84 2 28 58 
TEST 18 ARG:40 93 37 19 53 4 46 59 42 75 69 68 84 6 21 43 78 0 81 58 2 44 32 77 5 51 63 67 70 14 36 13 61 54 45 30 91 31 7 1 9 64 50 8 99 17 10 48 74 65 15 34 86 88 55 80 92 98 52 11 39 26 56 76 41 71 89 3 20 96 38 16 82 49 83 72 33 47 25 94 90 66 73 60 22 62 85 27 95 57 79 28 87 97 18 29 24 35 23 12 
TEST 19 ARG:6 22 39 14 59 27 95 80 43 28 46 98 25 58 5 73 63 72 49 32 97 17 75 53 47 30 94 99 10 81 61 19 77 68 40 44 13 34 3 52 60 66 16 79 76 38 84 12 71 23 33 41 21 93 70 62 31 83 8 96 26 11 37 78 48 88 65 74 91 36 18 15 1 54 35 24 86 90 29 82 67 57 69 51 89 20 7 87 2 56 0 4 64 9 55 85 92 42 45 50 
TEST 20 ARG:40 34 69 64 23 14 98 21 43 2 68 85 47 8 32 33 93 27 67 71 31 49 58 99 77 26 80 92 11 3 44 89 82 37 76 46 55 88 30 84 4 25 29 74 81 16 75 95 65 59 53 20 42 66 36 79 51 52 73 0 83 86 62 56 6 1 17 50 78 63 38 39 18 10 5 12 91 22 48 72 41 90 87 45 28 97 13 15 54 96 94 70 19 24 9 60 7 61 57 35 
TEST 21 ARG:37 35 23 41 76 39 60 31 86 21 15 61 43 26 90 14 34 5 32 25 64 93 29 84 51 47 40 54 48 57 88 2 18 0 82 98 59 11 38 7 36 70 50 24 19 74 17 95 89 53 92 55 1 3 46 45 94 10 71 67 13 69 56 6 87 97 63 65 96 73 62 79 8 9 72 68 22 4 99 12 20 75 78 49 91 52 16 85 30 44 27 66 33 81 58 77 83 42 80 28 
TEST 22 ARG:12 79 11 24 18 2 64 92 98 85 9 55 20 1 90 30 22 10 57 41 56 14 7 60 74 94 34 49 16 88 17 78 86 43 73 27 84 59 19 21 61 80 4 8 81 3 40 72 42 87 13 99 69 68 67 38 97 39 47 95 36 45 44 23 25 0 37 70 82 15 5 53 29 66 89 35 93 58 91 31 75 62 26 83 96 76 77 33 46 50 54 28 6 51 65 63 32 48 71 52 
TEST 23 ARG:1 60 29 93 12 48 49 99 26 77 20 55 18 88 68 97 23 27 19 7 79 31 52 38 53 46 3 56 65 98 2 37 25 64 8 76 16 71 81 33 45 34 58 85 4 66 5 74 17 82 72 11 75 89 90 30 9 78 92 83 54 94 95 21 61 13 35 36 80 51 70 42 62 63 0 6 32 24 43 67 15 44 84 57 22 41 59 40 91 69 96 73 50 14 87 47 39 28 10 86 
TEST 24 ARG:73 54 64 6 90 56 96 11 23 95 32 26 69 48 28 57 9 27 63 53 81 22 71 87 65 24 92 29 51 12 8 97 59 62 77 50 82 91 67 36 72 39 98 70 30 14 55 79 10 4 33 20 76 2 1 0 85 60 43 13 45 94 7 86 83 17 5 49 41 74 3 31 40 47 15 25 37 93 78 38 88 75 19 58 35 80 66 61 52 99 68 18 16 34 44 84 21 46 89 42 
TEST 25 ARG:67 99 48 36 98 12 25 49 88 5 57 77 56 93 14 8 21 47 26 45 2 44 13 39 59 70 69 81 9 42 43 37 66 89 34 87 28 0 61 94 31 3 84 22 7 83 40 90 20 10 54 6 74 23 76 58 4 55 29 62 95 24 63 27 79 53 92 85 96 80 52 72 38 1 71 68 18 30 15 17 33 82 60 73 86 16 64 51 91 97 65 50 41 11 75 78 35 46 19 32 
TEST 26 ARG:18 13 92 41 81 52 95 21 39 32 31 93 9 70 8 15 26 12 74 19 6 0 65 83 2 82 86 7 4 49 78 3 90 27 88 91 23 69 46 25 28 85 11 98 51 62 10 76 84 33 66 1 48 44 42 67 47 17 45 36 30 77 20 53 58 5 72 68 80 16 22 64 87 37 34 75 43 79 73 89 54 24 96 61 29 35 60 14 50 57 56 94 55 99 97 40 59 71 38 63 
TEST 27 ARG:37 92 85 94 79 74 82 48 55 52 73 87 22 38 97 44 39 88 95 41 53 99 64 89 26 32 15 62 13 33 40 31 43 65 36 9 54 84 93 30 18 77 71 76 59 20 91 66 1 4 0 50 70 29 6 98 25 78 12 47 2 96 63 57 67 27 58 90 80 56 3 21 61 34 69 86 24 8 60 46 5 10 75 14 35 45 49 51 83 7 23 68 81 42 72 11 16 19 28 17 
TEST 28 ARG:50 96 41 74 60 40 23 3 9 65 33 81 63 14 38 76 84 70 45 88 83 25 46 87 91 24 89 1 78 19 99 71 49 16 66 61 51 77 53 54 36 56 52 95 12 31 47 30 39 13 28 26 64 94 92 67 48 72 98 7 68 8 58 75 86 17 59 80 29 37 32 93 27 35 55 10 4 5 62 34 11 15 0 2 73 18 69 79 22 6 82 43 42 21 44 90 20 57 85 97 
TEST 29 ARG:61 64 62 67 75 87 35 91 15 57 79 14 49 93 65 59 5 80 19 6 92 20 22 81 41 53 25 42 11 77 27 60 39 36 86 63 89 16 23 70 46 78 10 17 45 84 38 94 98 50 30 9 12 95 58 76 37 7 48 82 43 72 0 3 85 56 40 68 21 97 1 24 2 8 66 90 51 31 88 47 96 13 26 74 4 55 28 18 71 44 52 34 69 54 83 32 33 99 29 73 
TEST 30 ARG:26 24 97 28 54 33 64 35 2 99 80 60 31 83 95 85 98 76 46 74 67 9 52 91 59 72 4 45 63 41 36 21 6 69 86 48 13 29 11 1 93 12 66 87 44 89 3 32 22 14 88 0 62 68 65 56 10 5 27 40 25 43 71 53 50 19 37 7 70 38 55 34 58 42 73 49 17 23 77 75 84 92 39 16 79 30 81 15 51 90 94 8 47 78 20 61 57 96 82 18 
TEST 31 ARG:38 10 94 95 83 51 71 7 25 34 42 5 3 82 52 16 92 8 29 18 88 35 11 49 89 44 78 19 87 93 97 64 0 60 26 76 81 14 69 50 45 65 27 22 70 36 24 61 80 67 2 98 4 91 55 66 68 37 86 23 13 40 85 90 56 1 57 96 39 28 17 84 46 72 58 9 20 59 41 33 79 74 53 47 63 12 77 54 99 32 48 75 30 62 15 31 21 43 6 73 
TEST 32 ARG:95 96 75 32 24 1 89 63 60 19 15 31 58 59 86 48 65 83 57 90 80 17 20 54 47 9 5 69 56 99 2 35 10 51 21 88 34 61 94 66 11 4 6 12 29 25 55 44 28 22 40 87 49 74 38 16 46 8 79 26 62 76 33 30 41 43 73 3 85 81 97 67 78 39 93 18 0 27 92 82 14 70 84 37 7 64 53 98 71 68 42 72 50 23 91 45 13 77 36 52 
TEST 33 ARG:44 4 92 66 60 0 94 87 65 62 26 5 83 57 34 29 67 95 22 77 58 76 16 24 74 32 31 80 33 19 97 15 6 68 30 98 61 99 51 72 43 84 42 54 23 93 27 37 18 2 64 7 28 55 85 81 50 46 40 70 36 53 89 11 75 48 56 1 20 8 69 79 86 9 63 49 45 73 17 96 78 41 3 91 35 59 12 10 52 71 88 38 90 13 14 47 25 21 39 82 
TEST 34 ARG:4 85 37 21 19 55 47 40 23 70 69 83 31 44 34 58 65 36 49 45 68 95 25 29 10 77 18 7 81 43 75 74 20 33 64 52 61 9 11 76 57 8 92 62 59 39 66 32 67 30 56 60 99 14 42 79 89 38 97 90 86 80 15 22 2 50 82 17 88 6 96 41 35 72 24 27 94 5 54 91 53 73 51 78 87 98 46 1 26 0 84 3 12 93 71 48 63 16 28 13 
TEST 35 ARG:68 71 24 49 86 19 93 11 7 75 9 39 52 55 34 30 20 53 16 97 67 26 99 61 91 60 57 76 90 42 82 63 73 95 41 45 18 48 89 3 31 54 72 36 1 8 15 47 17 37 32 98 84 66 62 13 5 6 23 74 10 69 27 40 0 29 35 25 92 14 2 65 43 80 51 4 96 44 70 33 85 81 22 83 59 64 77 21 78 94 46 56 88 87 38 28 50 12 58 79 
TEST 36 ARG:66 6 87 89 30 71 65 1 12 79 49 5 45 22 74 60 33 10 81 47 93 59 32 77 94 11 41 92 50 14 36 0 98 28 57 3 97 75 25 63 18 26 67 42 35 53 62 73 83 95 2 4 91 46 24 54 38 82 55 20 7 40 43 56 80 88 15 96 37 58 70 13 44 8 64 61 27 48 23 99 39 76 69 85 9 52 31 86 16 90 72 68 34 17 19 84 21 51 29 78 
TEST 37 ARG:11 10 37 98 28 13 97 43 9 71 60 39 25 62 14 48 73 32 53 64 58 84 78 90 93 46 31 75 79 34 42 76 74 54 4 16 27 15 0 26 7 72 85 91 67 57 36 65 5 38 80 40 22 21 20 41 81 30 8 49 69 61 95 19 3 47 17 55 18 86 87 6 35 89 88 52 2 92 45 51 68 12 29 70 63 33 96 77 50 24 56 83 66 23 99 1 59 94 44 82 
TEST 38 ARG:64 47 0 81 2 60 66 74 9 23 36 8 45 54 11 84 46 7 6 1 50 43 99 56 96 26 72 98 21 29 68 18 92 20 80 69 73 82 62 79 89 38 94 75 25 30 57 39 76 53 31 16 3 42 61 48 87 71 32 52 55 95 65 40 24 33 97 15 27 70 35 88 19 67 10 83 93 34 5 12 14 37 44 78 59 77 63 28 85 58 4 22 41 91 17 51 49 86 90 13 
TEST 39 ARG:67 94 42 13 93 59 15 53 76 99 24 71 5 52 81 38 98 35 70 23 78 9 30 34 83 17 95 87 63 82 89 25 92 61 66 1 62 51 36 44 2 72 85 4 79 0 60 8 33 21 84 65 32 27 55 43 75 86 64 58 41 16 48 37 28 45 69 29 20 26 10 18 19 14 57 46 3 6 73 77 39 68 40 12 96 22 97 88 74 56 54 47 80 50 91 11 7 49 90 31 
TEST 40 ARG:70 72 51 68 84 67 35 16 30 22 62 77 41 36 25 81 9 52 13 58 99 49 80 19 98 60 76 61 48 95 50 47 29 97 10 2 93 39 44 65 90 11 57 28 43 85 54 34 14 33 92 86 74 83 42 7 32 75 38 40 87 3 88 15 79 78 82 55 89 63 12 31 6 53 18 26 27 45 24 73 59 66 69 8 1 20 64 5 0 37 91 17 94 4 46 21 56 71 23 96 
TEST 41 ARG:6 88 49 31 61 60 18 10 35 80 3 58 81 85 70 16 76 54 69 44 86 52 17 27 13 64 74 47 22 87 50 73 30 2 98 78 94 9 72 63 19 34 84 45 91 75 92 23 43 93 68 26 53 83 5 82 32 62 56 57 12 39 25 48 46 29 24 97 89 77 42 99 8 38 15 4 28 0 51 41 40 7 20 55 37 95 59 14 1 11 79 36 33 90 21 71 96 67 65 66 
TEST 42 ARG:70 15 77 26 18 56 51 47 68 28 83 97 37 80 35 3 55 91 19 14 43 72 60 17 10 46 30 82 94 88 96 85 48 2 67 45 44 54 62 40 49 33 31 6 13 50 24 95 9 53 93 84 11 61 87 73 71 81 59 86 90 5 58 32 41 23 79 52 42 39 66 34 74 98 99 21 78 20 1 63 27 64 69 76 8 22 75 89 57 38 7 16 0 29 92 12 4 25 65 36 
TEST 43 ARG:41 97 49 82 96 46 4 86 71 55 2 24 58 9 52 36 54 37 42 69 65 43 13 33 94 21 89 77 92 31 81 35 23 74 59 85 47 3 88 34 99 57 72 66 48 26 79 18 80 28 68 61 22 67 90 11 73 45 51 5 32 91 10 78 14 17 56 75 64 12 84 1 87 39 7 62 95 44 0 6 38 20 50 40 60 93 83 8 30 16 76 25 98 27 53 70 19 63 15 29 
TEST 44 ARG:78 79 3 61 5 89 57 77 91 63 56 71 93 27 38 72 23 95 45 81 26 34 11 4 51 92 1 70 73 90 15 97 40 82 96 31 54 58 32 47 69 17 88 62 75 68 8 29 2 41 30 36 83 44 66 98 19 7 76 35 52 46 84 42 22 14 10 18 28 21 80 20 59 16 9 13 87 65 12 24 64 67 85 53 50 33 37 55 6 48 86 74 99 43 25 39 49 0 94 60 
TEST 45 ARG:52 48 39 24 85 81 35 9 88 84 27 93 72 50 29 19 11 6 63 49 54 58 10 38 28 17 96 51 95 18 20 25 5 60 65 47 7 26 30 16 75 82 3 36 80 40 46 74 8 55 62 0 78 34 2 90 53 83 4 42 94 43 14 77 66 41 87 68 91 31 98 45 44 22 70 15 73 86 56 97 13 79 69 71 1 23 32 61 37 57 64 59 12 92 33 21 89 99 76 67 
TEST 46 ARG:81 3 60 54 30 19 27 9 39 41 76 73 71 16 75 97 66 34 6 79 49 93 14 64 55 12 53 15 37 40 96 90 50 18 26 5 0 72 2 25 29 82 94 74 28 67 69 56 7 4 99 10 78 33 23 89 80 48 57 62 63 1 87 45 46 83 43 21 70 65 35 44 32 42 24 91 52 68 85 13 59 22 58 31 92 11 20 8 51 84 88 98 36 17 77 38 61 47 86 95 
TEST 47 ARG:76 70 97 32 31 66 93 94 17 67 75 74 99 35 64 42 79 72 2 87 86 14 45 0 59 27 28 6 88 81 68 61 12 40 23 90 3 56 33 18 34 8 77 53 55 16 69 1 24 71 43 9 83 62 51 39 21 41 46 78 57 91 5 58 7 60 63 10 15 50 85 38 37 73 25 4 49 36 44 13 20 26 30 89 52 92 65 11 84 48 54 80 96 22 19 98 95 47 82 29 
TEST 48 ARG:57 78 96 28 82 67 25 34 29 66 32 27 42 80 52 75 99 22 5 18 44 73 6 61 45 9 49 60 13 4 53 98 21 97 20 43 40 14 95 69 39 15 41 83 19 47 7 70 94 23 2 17 65 74 87 64 79 86 30 0 11 85 54 72 16 59 71 68 63 55 50 56 26 76 24 88 81 46 1 62 48 51 37 93 84 89 12 36 10 77 90 38 91 3 35 8 92 31 33 58 
TEST 49 ARG:29 48 55 28 72 35 16 69 53 88 60 0 23 83 32 85 39 68 19 75 24 34 21 46 84 13 98 52 66 17 95 40 80 96 81 92 97 64 50 67 30 87 2 1 20 54 25 74 70 77 62 14 36 99 45 90 44 11 31 51 10 63 76 79 18 71 65 12 42 93 6 41 5 22 61 56 3 47 82 58 26 43 38 49 94 7 59 8 37 86 4 15 33 73 91 78 27 89 57 9 
TEST 50 ARG:82 31 37 0 74 70 12 29 92 53 24 4 49 10 22 83 16 36 75 93 19 50 62 42 23 47 85 30 91 88 56 73 15 46 39 76 52 27 80 55 9 45 69 43 3 68 65 1 34 11 99 61 95 6 59 97 98 77 84 48 2 41 64 13 33 26 79 89 44 28 25 51 63 71 78 40 87 14 18 38 21 96 90 8 54 66 35 57 86 58 5 94 60 17 7 81 20 32 67 72 
TEST 51 ARG:66 88 38 42 39 14 9 69 19 59 96 7 27 84 12 11 51 63 60 70 21 76 58 8 74 92 87 18 90 98 68 6 53 30 75 5 50 54 57 73 4 35 25 93 82 56 34 40 64 24 79 99 22 80 15 94 61 89 46 10 49 26 29 2 83 20 65 45 97 55 47 86 43 48 0 41 33 36 31 85 95 1 28 78 17 72 67 62 44 3 71 81 77 91 32 13 37 23 16 52 
TEST 52 ARG:20 81 41 85 39 96 0 79 73 47 30 55 51 31 54 59 5 56 74 65 62 61 71 67 43 90 69 25 88 8 36 16 75 32 35 78 95 40 44 33 15 72 19 17 11 84 68 77 53 57 2 52 27 50 87 58 99 91 29 80 63 89 26 18 6 1 9 28 64 92 24 3 49 66 14 98 86 7 97 76 94 60 38 21 10 70 13 93 83 4 45 34 37 82 12 42 48 23 22 46 
TEST 53 ARG:0 92 40 61 65 12 27 15 89 73 70 16 38 77 90 18 91 44 54 67 72 51 69 2 11 30 96 36 4 45 62 83 68 25 7 5 74 52 29 34 93 10 46 41 49 59 13 32 21 57 81 60 23 3 8 58 53 37 26 14 98 80 97 48 9 95 24 75 1 42 94 71 47 79 63 43 39 33 87 28 82 66 56 35 6 84 50 99 17 22 78 19 76 31 20 85 55 86 64 88 
TEST 54 ARG:97 22 26 42 69 77 74 62 99 40 9 90 17 56 38 96 68 35 49 19 92 87 91 85 65 43 34 59 3 54 45 32 24 14 60 1 29 8 51 81 0 95 44 10 72 78 64 76 5 41 25 2 4 52 67 98 94 79 89 71 82 55 70 27 16 21 86 15 11 39 36 37 73 80 12 84 13 58 31 83 30 63 33 20 53 88 75 48 61 23 28 6 18 93 57 50 47 7 66 46 
TEST 55 ARG:97 39 63 57 49 41 30 60 37 53 22 69 79 5 18 64 43 11 28 92 74 90 66 55 81 36 21 12 72 16 42 20 73 65 93 84 32 25 17 86 4 89 8 52 2 59 88 23 75 14 68 80 44 33 82 98 47 1 46 94 70 0 87 71 95 51 61 27 35 77 3 83 6 48 34 29 15 40 99 31 85 19 58 56 76 62 13 24 9 10 78 91 45 7 96 26 50 54 67 38 
TEST 56 ARG:81 64 48 80 6 57 95 84 52 8 15 27 79 31 49 82 50 20 22 72 78 7 58 45 88 21 16 12 69 70 93 90 75 55 39 32 24 56 3 94 98 2 74 14 10 76 43 59 61 67 91 63 99 68 37 83 65 23 0 36 73 9 25 1 42 54 28 41 38 17 92 96 85 87 18 13 47 53 40 66 34 60 71 5 11 19 44 46 77 89 86 33 51 26 4 97 62 30 35 29 
TEST 57 ARG:77 44 34 96 92 25 3 68 27 6 81 17 40 93 65 19 35 9 72 49 33 87 85 5 75 59 80 73 78 1 11 48 52 57 55 29 89 14 20 28 62 97 23 86 0 71 24 36 30 37 70 63 79 99 53 43 45 38 15 39 60 46 31 50 56 90 32 41 91 2 51 95 16 8 54 10 64 66 76 98 94 69 82 13 26 67 12 4 88 83 42 74 18 21 47 84 58 7 22 61 
TEST 58 ARG:11 67 6 99 14 46 19 29 61 69 10 73 76 2 27 54 23 88 63 94 96 38 91 22 64 81 93 87 89 33 47 92 40 5 82 18 1 0 60 3 83 66 53 41 97 51 52 24 43 28 77 34 8 31 70 13 45 17 4 12 32 55 65 68 39 48 98 50 75 36 95 7 56 30 84 16 37 57 58 62 35 21 26 25 15 20 42 9 72 85 59 44 90 74 78 79 49 86 80 71 
TEST 59 ARG:40 74 89 88 48 28 95 29 73 46 90 66 76 34 2 64 67 61 19 10 78 43 23 70 93 80 60 7 20 53 15 49 24 82 33 14 84 38 50 79 68 13 3 37 57 75 27 71 97 51 45 30 26 4 72 65 98 42 83 99 96 55 91 85 17 18 6 44 12 94 77 41 87 59 63 92 81 1 11 22 16 54 21 8 32 31 62 58 52 56 86 0 69 47 9 25 35 5 39 36 
TEST 60 ARG:32 68 86 24 21 55 12 91 0 54 20 81 59 33 48 63 8 93 19 71 42 61 76 39 14 45 34 64 40 43 38 49 89 5 28 11 69 56 85 87 26 66 29 16 74 97 6 57 92 37 10 72 50 2 30 60 96 46 4 84 35 7 51 41 90 73 44 78 95 67 36 1 75 52 31 65 53 79 98 17 9 47 15 58 88 27 18 25 83 3 77 80 70 13 94 22 99 62 23 82 
TEST 61 ARG:15 85 41 55 67 82 94 89 10 24 54 76 84 66 21 13 97 45 78 86 95 75 5 46 58 77 12 56 42 50 8 98 68 11 91 69 4 7 63 6 53 14 88 73 30 70 35 59 25 26 90 16 38 74 2 40 9 18 93 1 60 80 44 51 33 47 32 61 37 22 3 43 36 29 48 20 72 28 34 52 27 83 39 71 99 81 49 0 19 87 23 31 17 62 92 57 79 96 65 64 
TEST 62 ARG:17 30 26 14 42 83 40 64 4 0 58 60 98 85 50 81 75 74 24 35 69 8 33 45 15 39 38 78 90 84 25 19 99 34 76 41 62 80 48 2 72 51 12 86 7 87 57 18 67 6 63 95 89 94 9 27 79 37 28 93 77 36 82 44 65 66 55 92 31 13 73 22 32 70 56 88 47 46 49 54 3 59 91 1 43 68 53 23 21 71 96 16 61 29 52 11 20 97 5 10 
TEST 63 ARG:61 65 17 60 96 40 59 78 55 43 94 66 21 70 93 30 38 80 42 89 95 74 7 1 18 76 63 62 57 50 15 29 24 91 25 11 39 64 8 69 73 46 56 52 97 9 71 34 98 2 83 3 16 90 28 20 23 49 41 68 75 81 0 92 31 44 79 48 36 32 19 22 47 87 88 12 72 14 10 33 85 4 45 58 26 84 86 37 51 67 13 53 77 54 6 99 5 27 82 35 
TEST 64 ARG:39 22 23 37 81 96 43 0 91 64 55 75 79 87 31 98 45 92 9 46 33 97 57 72 5 61 4 14 84 26 6 3 95 42 20 51 77 2 54 88 21 1 7 68 34 41 63 82 18 44 69 56 80 66 19 13 27 24 58 60 36 49 50 38 89 28 53 52 76 62 11 8 47 10 15 12 29 83 99 30 17 59 70 67 85 48 78 32 73 65 35 90 16 25 74 71 40 93 86 94 
TEST 65 ARG:68 13 95 48 79 61 62 88 56 76 94 67 3 32 97 77 10 23 7 0 58 63 74 25 96 87 51 34 46 53 40 98 84 73 12 15 86 27 55 22 35 20 75 49 19 72 21 9 36 80 2 92 41 16 90 83 5 1 18 71 43 54 39 42 60 85 14 38 37 6 81 82 52 99 69 11 26 24 89 31 33 4 93 66 70 65 28 64 29 78 91 50 17 44 59 8 45 30 57 47 
TEST 66 ARG:99 81 2 43 80 63 17 54 82 49 42 24 72 50 18 21 48 74 29 88 31 90 32 66 39 78 62 46 51 7 37 86 13 68 95 96 56 93 47 77 57 53 59 9 75 23 10 61 84 91 64 76 28 30 36 71 92 73 27 4 69 3 14 16 89 79 94 65 15 60 44 0 85 22 97 41 83 52 25 20 19 45 98 26 1 35 55 38 34 11 33 67 12 40 70 87 6 5 8 58 
TEST 67 ARG:99 16 40 72 74 33 55 43 7 54 38 26 51 89 14 17 97 29 45 63 50 25 53 3 21 64 2 68 52 84 31 66 18 0 80 22 44 98 78 8 34 70 5 48 30 37 49 81 85 77 87 35 12 41 75 90 60 27 32 69 92 56 88 19 94 96 93 23 15 67 59 76 86 24 57 47 6 73 71 13 95 10 28 39 36 62 65 61 58 4 91 1 9 42 46 11 20 82 79 83 
TEST 68 ARG:69 83 33 28 82 51 47 39 85 89 49 99 6 1 72 73 88 31 40 93 5 87 75 81 30 62 24 32 37 61 2 86 19 16 43 68 48 70 20 35 53 64 41 34 95 55 58 71 14 46 22 98 54 84 0 94 9 4 17 91 10 44 23 74 57 77 15 65 52 59 13 78 63 8 92 79 7 96 38 56 18 50 21 27 80 26 66 25 11 29 42 12 45 60 3 90 76 67 97 36 
TEST 69 ARG:51 25 59 68 36 28 60 44 64 43 45 5 19 14 75 18 33 88 34 30 0 32 84 1 95 57 3 22 41 29 90 97 46 12 81 70 55 2 17 74 72 77 69 94 16 56 80 85 63 67 58 78 13 82 71 65 27 42 54 21 9 86 26 99 50 89 61 20 79 92 62 73 87 49 23 4 93 47 35 38 10 8 39 24 7 98 96 11 53 52 76 40 37 91 15 31 83 48 6 66 
TEST 70 ARG:9 2 8 84 37 76 56 89 33 78 90 48 42 86 26 65 79 47 6 99 17 20 4 18 22 75 54 29 77 98 50 31 27 41 82 24 35 51 39 81 87 7 58 43 28 96 59 57 44 10 97 91 46 72 63 30 15 83 25 49 92 34 1 40 53 69 93 67 32 55 88 11 80 38 60 66 70 95 85 0 5 36 94 74 3 21 16 13 68 12 45 52 64 73 14 71 61 19 62 23 
TEST 71 ARG:27 25 90 18 60 53 68 85 7 75 52 50 8 95 5 55 79 10 41 34 35 33 42 73 40 1 82 38 92 39 72 59 29 74 13 86 58 80 14 87 98 77 66 70 2 24 89 0 62 49 48 97 30 47 56 84 15 99 6 65 88 83 63 96 32 61 76 12 16 9 11 93 69 44 46 28 21 26 78 23 37 17 64 94 22 31 20 91 57 51 3 19 4 54 71 36 45 67 81 43 
TEST 72 ARG:89 20 62 50 14 25 39 85 28 22 74 46 19 83 70 8 99 60 92 90 24 98 16 65 58 15 7 4 36 44 80 69 3 11 0 76 1 79 75 55 63 34 5 87 56 57 72 54 68 95 67 9 42 91 45 31 81 77 13 32 2 66 26 23 43 64 78 93 84 18 33 61 48 27 21 97 51 35 38 12 86 96 71 41 82 94 40 59 17 49 6 30 53 73 10 37 88 29 47 52 
TEST 73 ARG:39 0 65 72 53 48 26 6 10 36 43 66 87 73 11 56 76 44 57 19 1 23 51 64 14 5 98 40 52 4 69 9 38 49 82 91 86 3 59 37 21 71 32 2 13 7 75 30 83 80 8 50 92 61 94 68 81 67 63 34 33 60 25 31 78 15 24 45 22 70 41 62 54 47 89 99 29 58 17 95 77 90 74 93 28 96 12 85 27 88 18 20 35 46 55 79 84 97 42 16 
TEST 74 ARG:56 88 98 37 46 47 8 52 69 80 91 21 13 58 92 26 48 65 84 87 59 4 77 61 30 68 41 6 51 0 25 33 85 16 1 90 38 3 29 12 15 53 97 83 39 71 95 79 11 36 67 81 22 34 5 40 27 20 89 28 76 64 96 86 35 17 93 45 63 82 14 43 94 32 62 9 24 31 57 74 44 54 19 78 70 7 23 49 10 66 42 99 75 55 72 50 73 18 2 60 
TEST 75 ARG:53 24 62 69 83 44 38 99 48 25 47 60 23 20 32 18 66 70 21 29 55 37 82 46 43 9 63 77 4 59 31 91 0 2 67 35 11 8 98 36 56 6 3 50 76 75 13 52 79 40 89 68 93 64 7 72 74 96 92 97 65 84 26 57 30 14 86 42 28 95 51 15 88 78 81 22 34 80 73 71 10 16 39 90 19 1 61 5 17 27 58 87 49 45 85 41 94 12 33 54 
TEST 76 ARG:72 11 23 26 7 36 34 43 76 25 74 41 97 90 15 63 89 84 70 57 0 51 30 33 1 50 77 99 75 32 2 54 92 61 16 24 66 71 20 73 56 44 4 47 38 9 65 93 49 81 37 45 59 19 22 31 10 58 88 94 39 62 86 78 29 85 53 52 96 21 87 68 55 35 67 91 17 18 28 69 6 27 60 12 82 64 83 14 13 98 5 95 40 79 80 3 48 42 8 46 
TEST 77 ARG:51 7 69 52 58 34 23 39 64 11 94 86 16 20 45 99 33 46 41 27 76 14 49 60 40 42 81 28 3 73 43 92 79 71 63 70 56 47 96 61 55 84 93 1 50 75 0 25 57 77 2 66 26 18 8 53 19 4 44 83 87 38 85 37 31 35 62 98 36 12 54 78 97 74 48 22 29 67 15 65 82 80 89 6 91 30 68 90 72 5 24 59 21 10 13 88 32 17 95 9 
TEST 78 ARG:2 70 16 52 82 49 62 41 75 53 33 40 10 84 66 64 6 14 43 60 54 30 37 12 47 90 56 55 91 9 63 36 77 13 92 23 34 85 94 61 25 51 35 99 19 67 88 17 29 58 32 31 48 86 28 93 42 5 18 83 45 87 26 20 15 74 79 8 71 39 0 27 73 89 7 95 68 57 11 44 1 24 96 76 81 38 65 97 59 72 69 80 98 21 78 4 50 3 46 22 
TEST 79 ARG:64 5 56 57 49 38 21 6 67 76 81 79 39 20 1 41 28 29 24 53 37 7 30 93 75 99 23 47 87 63 54 77 91 3 92 55 94 88 59 68 72 43 45 26 83 58 60 78 27 61 80 65 2 46 16 97 8 36 69 10 13 62 42 31 11 33 15 73 19 18 52 32 74 44 40 66 35 9 90 82 12 95 4 84 50 86 89 14 98 34 96 22 51 0 48 85 17 70 25 71 
TEST 80 ARG:49 36 33 40 71 60 75 97 73 88 63 18 24 21 17 83 47 93 34 45 76 48 41 65 12 57 72 7 11 38 69 4 87 39 84 42 43 81 61 28 22 68 92 32 77 86 58 98 8 14 10 51 31 29 96 56 19 0 90 27 54 99 52 70 13 50 25 85 66 23 62 5 74 16 91 89 67 9 30 35 6 20 46 82 53 55 26 44 95 80 37 2 64 59 1 15 94 3 79 78 
TEST 81 ARG:54 23 24 82 47 34 88 56 59 96 20 52 7 62 81 35 57 38 73 50 29 39 10 32 43 92 86 17 49 12 58 67 76 71 91 21 94 28 4 78 25 61 74 69 44 95 84 89 55 77 66 83 51 0 45 11 22 15 41 42 80 63 9 8 53 16 87 48 33 6 99 46 26 37 13 68 72 3 18 85 90 70 75 40 64 79 60 27 14 5 19 93 65 1 97 2 30 98 36 31 
TEST 82 ARG:77 15 32 19 71 95 90 85 4 99 44 61 63 72 47 51 83 70 73 49 36 78 54 52 0 38 57 62 5 11 56 76 98 24 12 82 69 13 94 6 35 96 18 43 74 93 20 30 34 7 65 88 26 33 29 60 23 66 79 37 41 64 31 25 48 39 27 53 68 10 67 59 89 55 21 86 46 81 80 58 92 28 9 75 91 2 45 8 97 40 16 87 42 14 50 3 22 17 1 84 
TEST 83 ARG:55 68 82 21 89 6 5 66 47 13 77 70 81 42 35 57 1 2 19 11 58 53 88 50 38 9 62 99 91 3 74 33 72 45 80 26 59 12 49 41 36 48 0 46 25 14 63 90 23 75 39 93 56 27 71 43 17 20 85 87 16 83 32 22 4 98 30 69 97 37 31 34 84 92 54 15 18 96 28 29 61 8 40 52 65 7 51 10 79 78 24 64 95 73 67 94 86 44 76 60 
TEST 84 ARG:45 75 81 35 50 66 48 3 6 32 61 7 20 95 1 18 74 79 38 31 83 82 19 40 87 77 85 16 28 72 49 89 47 41 42 2 46 25 27 10 12 55 51 11 98 67 96 93 13 26 90 17 9 29 64 84 54 59 21 62 15 88 65 70 14 44 43 76 23 99 34 57 30 58 39 5 22 91 37 73 8 52 0 97 68 24 63 56 80 53 33 71 94 92 36 86 78 69 60 4 
TEST 85 ARG:88 66 1 41 30 50 11 90 40 76 33 69 5 87 32 79 45 39 60 37 42 98 38 52 57 64 99 36 27 53 97 47 67 8 81 77 75 4 48 55 13 84 54 73 21 96 24 31 22 65 71 6 56 62 17 25 34 44 80 29 51 74 95 7 10 46 94 18 35 91 63 3 16 61 68 15 92 49 72 82 78 23 19 58 26 59 85 70 12 89 86 9 93 20 14 83 28 0 2 43 
TEST 86 ARG:9 79 80 37 8 57 28 14 46 24 2 48 91 29 53 72 56 26 45 33 52 84 68 87 58 18 54 93 63 81 22 96 73 6 86 5 20 31 60 11 61 55 82 76 36 85 17 42 19 90 92 39 16 64 59 10 43 74 41 99 32 66 49 51 15 78 83 69 67 70 35 25 1 40 71 65 50 98 21 95 88 44 38 62 23 77 30 0 12 4 75 97 47 7 13 34 94 27 3 89 
TEST 87 ARG:13 88 85 0 33 11 71 37 93 46 38 35 57 2 26 8 84 17 78 87 48 81 19 76 40 66 79 42 44 75 54 55 27 7 34 58 39 86 89 92 31 63 61 72 16 97 53 70 69 95 73 10 94 82 43 15 1 30 45 64 90 20 74 12 98 96 56 80 91 77 83 14 24 32 25 18 68 29 23 21 99 52 3 9 41 4 65 47 6 22 36 50 5 59 28 51 49 67 60 62 
TEST 88 ARG:74 25 9 72 7 44 50 79 46 78 21 77 94 39 19 70 4 90 59 43 84 52 15 55 6 3 56 12 48 54 20 71 5 91 16 64 97 36 69 51 28 34 61 76 99 53 68 10 89 17 63 2 8 86 33 81 80 96 22 18 23 40 27 62 0 98 38 60 75 29 83 37 49 85 31 45 93 41 87 47 95 73 58 66 42 13 14 92 24 65 88 67 26 35 82 30 57 11 32 1 
TEST 89 ARG:37 45 61 13 82 99 72 95 30 11 3 26 4 53 71 78 43 79 8 44 57 84 87 24 36 21 81 70 28 55 69 16 63 85 10 2 80 51 54 58 98 83 5 15 76 66 48 20 18 19 42 41 29 67 62 0 74 49 22 59 9 1 77 96 91 90 25 12 73 32 33 39 17 93 7 94 47 65 40 68 34 6 23 50 75 38 27 86 92 14 89 88 52 31 56 46 35 64 60 97 
TEST 90 ARG:42 2 39 4 71 62 9 0 55 29 28 44 12 87 76 3 53 7 75 90 83 43 72 1 78 27 93 11 8 84 88 67 6 77 13 15 38 68 85 59 97 57 32 56 86 10 46 37 16 54 19 82 89 51 50 36 26 69 91 63 65 35 49 94 73 33 95 48 80 81 74 45 18 99 66 98 25 17 30 61 79 96 22 70 31 23 92 21 40 58 52 64 34 20 60 24 14 41 5 47 
TEST 91 ARG:14 91 30 38 97 13 6 76 74 18 51 48 90 49 8 73 9 46 27 28 19 96 63 10 15 57 12 4 88 99 32 29 44 66 71 75 98 61 31 25 5 89 26 1 67 24 93 40 84 87 56 78 70 37 53 34 79 69 92 35 77 72 82 80 64 54 68 59 23 58 94 86 33 16 11 43 83 7 85 81 55 2 22 20 52 45 95 42 0 47 62 39 60 50 36 65 21 17 41 3 
TEST 92 ARG:59 56 27 97 60 12 24 28 61 46 55 82 51 73 32 79 6 71 43 48 91 99 81 74 77 25 70 19 30 18 62 87 86 45 47 26 7 10 98 89 66 1 21 85 54 69 84 93 83 29 23 57 53 11 94 67 49 63 64 58 37 44 95 50 14 38 78 4 0 22 9 76 13 33 31 34 16 2 20 5 35 72 80 15 52 42 96 17 75 88 36 40 92 39 68 3 90 41 65 8 
TEST 93 ARG:66 81 63 49 43 31 7 97 80 36 59 68 30 29 96 72 44 26 78 39 1 61 79 42 35 89 73 6 92 23 65 58 24 51 25 84 0 11 60 18 2 62 15 95 27 32 93 55 21 19 88 56 75 82 13 41 22 74 33 94 99 12 64 10 67 16 54 4 86 83 28 50 85 14 40 91 46 17 9 53 77 48 38 20 47 90 87 3 37 45 57 8 71 76 5 69 98 34 52 70 
TEST 94 ARG:7 82 64 15 20 80 5 56 36 70 94 68 12 33 95 51 41 46 42 18 92 66 38 84 61 17 6 27 74 72 13 44 93 65 97 49 99 40 88 96 19 21 57 16 14 2 28 87 91 76 73 54 85 11 75 60 58 4 1 69 71 9 45 29 31 90 78 3 59 55 24 47 34 43 0 39 23 52 79 35 25 22 83 77 26 32 10 86 37 50 81 48 89 98 63 8 30 53 67 62 
TEST 95 ARG:87 89 37 44 16 26 0 86 14 53 62 7 97 46 99 13 43 78 79 74 1 50 61 57 35 55 90 41 12 92 91 10 33 70 19 27 21 18 85 76 28 11 6 58 72 49 95 75 20 82 3 60 4 22 54 73 47 93 31 40 23 38 68 34 36 77 84 5 39 65 29 30 8 98 71 64 15 2 69 80 24 51 45 42 67 48 56 96 66 94 59 81 17 63 88 32 52 9 83 25 
TEST 96 ARG:21 76 58 13 94 25 6 44 68 2 84 66 23 4 35 85 80 49 98 87 73 31 97 45 36 38 67 56 46 74 62 54 64 33 96 91 82 7 70 5 42 61 95 47 9 57 15 88 27 22 55 8 24 39 30 17 63 50 72 20 32 18 40 60 78 3 37 0 71 34 92 10 29 59 11 16 90 93 51 1 86 77 79 48 28 99 41 14 81 53 83 19 89 65 52 43 69 75 12 26 
TEST 97 ARG:36 66 71 12 81 48 83 24 13 10 11 57 14 5 79 58 15 37 23 8 78 65 80 25 99 26 51 46 32 97 50 1 76 56 95 33 29 35 92 87 40 38 49 96 21 45 47 3 52 9 30 68 17 85 54 61 98 28 77 6 75 63 39 55 59 73 86 94 88 70 44 60 84 43 41 69 20 93 18 82 22 19 89 2 42 64 27 4 34 16 67 0 7 53 74 90 91 62 72 31 
TEST 98 ARG:88 84 33 96 95 61 68 67 13 82 72 35 71 66 94 62 47 69 34 41 79 31 30 19 48 59 40 93 12 36 11 24 15 25 87 43 17 91 21 55 74 5 65 58 73 18 46 90 6 60 32 45 57 10 80 75 2 53 44 99 63 37 14 76 39 38 9 81 97 78 70 8 23 29 3 20 28 64 4 89 50 56 86 77 42 22 51 98 83 52 27 0 54 26 92 7 49 85 1 16 
TEST 99 ARG:32 3 18 53 40 8 69 56 7 0 97 49 68 55 57 45 17 26 89 65 47 5 75 30 35 34 44 27 46 76 4 16 1 37 73 90 59 43 71 87 94 41 31 88 66 91 70 78 85 9 42 92 58 54 74 33 29 63 96 12 48 38 99 80 51 11 50 93 13 39 23 72 67 28 83 64 6 62 82 77 60 10 2 20 86 19 79 25 95 24 98 84 36 52 61 22 15 21 81 14 
TEST 100 ARG:32 63 82 72 85 18 55 46 35 87 23 61 96 19 49 66 79 11 54 97 10 88 75 34 47 60 92 2 74 77 83 31 38 36 51 17 62 50 9 93 58 69 15 91 5 65 94 30 53 70 43 67 48 56 89 52 24 14 80 25 86 37 78 29 40 76 57 39 12 28 81 95 8 4 22 33 3 99 0 26 27 7 21 20 42 84 13 6 16 1 98 73 64 44 45 71 90 68 41 59 
TEST 101 ARG:30 22 39 85 42 35 46 40 47 13 82 81 23 5 94 92 9 88 11 36 77 14 96 95 24 1 29 99 60 58 69 51 4 56 48 3 57 65 10 66 43 64 73 6 55 50 8 91 41 31 76 32 33 37 0 63 71 78 15 70 34 16 80 19 49 75 27 25 68 67 7 21 52 62 97 61 26 90 93 89 74 54 17 87 86 12 28 79 2 20 38 84 45 98 53 18 83 44 59 72 
TEST 102 ARG:13 56 61 25 72 7 1 68 63 30 92 86 96 39 12 5 44 45 4 85 70 41 51 54 60 83 21 98 64 69 58 81 91 75 14 49 37 57 99 28 53 80 89 38 67 27 66 71 20 93 73 74 2 43 31 29 47 9 17 97 84 52 15 32 22 8 36 78 94 16 59 42 90 26 0 3 87 88 33 24 46 11 77 82 48 18 40 55 65 34 95 10 6 35 62 79 23 19 50 76 
TEST 103 ARG:88 47 31 20 35 41 10 17 74 54 22 34 32 28 92 6 5 95 72 84 76 46 11 30 63 42 51 73 18 64 49 70 68 39 40 14 67 36 13 57 50 37 82 19 58 12 24 85 96 45 65 66 61 7 43 90 48 87 16 4 75 94 59 71 25 0 55 33 8 97 52 2 26 83 98 29 3 80 77 38 69 53 44 21 78 23 93 60 86 56 9 89 62 27 15 79 99 91 81 1 
TEST 104 ARG:2 67 31 99 96 0 33 46 8 51 89 5 76 42 22 82 24 10 88 56 9 37 35 4 72 11 29 23 81 43 40 27 91 55 60 74 13 21 57 32 48 70 16 95 83 41 14 97 39 78 87 15 62 3 52 58 44 61 71 25 50 69 85 53 77 19 49 26 28 79 86 80 47 90 98 36 94 93 65 84 45 18 68 75 73 7 6 64 20 1 92 17 63 59 54 66 38 30 34 12 
TEST 105 ARG:9 61 51 13 12 52 94 74 20 30 31 41 91 60 68 97 50 65 28 2 17 14 53 37 79 88 16 87 24 95 73 77 33 63 36 80 18 48 72 40 15 99 96 26 34 22 44 62 78 25 83 69 58 66 1 70 23 49 4 45 42 32 11 84 85 81 27 71 55 67 3 56 75 21 10 54 0 43 82 89 46 76 93 64 19 98 38 8 92 57 7 47 35 39 5 6 90 29 59 86 
TEST 106 ARG:46 76 83 48 43 81 69 16 99 56 64 27 70 42 66 44 36 30 53 63 21 23 38 13 51 24 8 6 32 54 89 50 84 35 57 65 77 10 73 59 98 25 22 40 94 20 47 14 2 37 74 82 96 61 97 12 0 11 91 4 58 90 5 88 67 55 93 80 18 49 17 95 45 31 28 34 75 41 52 60 39 78 33 86 68 85 29 9 72 1 87 79 3 71 26 92 62 7 19 15 
TEST 107 ARG:19 59 40 35 41 17 65 81 60 5 72 82 27 75 57 44 30 86 93 77 20 80 98 18 7 37 32 10 68 87 45 76 12 62 1 92 58 39 43 24 74 26 99 25 54 50 0 90 94 64 13 3 73 69 48 8 70 91 23 6 21 14 53 31 52 47 95 9 49 66 22 16 71 55 15 33 56 51 96 46 4 88 29 36 2 97 79 67 42 34 61 84 28 11 89 38 63 85 78 83 
TEST 108 ARG:53 25 97 80 43 9 2 32 61 19 7 96 49 81 45 75 89 44 36 23 54 6 72 11 99 13 28 57 52 38 46 82 95 67 41 92 59 0 31 5 8 33 22 83 29 27 64 12 14 39 4 18 37 26 21 68 40 78 84 20 58 42 87 93 35 91 62 15 70 48 71 98 56 86 65 16 77 85 30 69 1 55 94 90 74 76 60 10 3 79 50 63 47 66 88 34 17 24 73 51 
TEST 109 ARG:47 16 48 23 84 72 80 40 11 14 89 87 50 91 10 3 12 57 64 5 31 68 58 82 17 78 33 4 42 61 9 97 71 29 45 38 28 70 75 95 25 54 41 79 2 18 26 93 15 92 49 62 24 1 13 83 56 0 67 7 30 35 90 86 74 46 94 52 77 19 66 27 44 43 32 63 51 55 98 65 39 96 81 21 8 6 69 73 20 59 36 53 34 99 22 60 76 88 37 85 
TEST 110 ARG:31 98 64 3 96 46 57 2 15 11 0 69 44 72 88 62 26 47 85 65 81 59 58 6 36 5 74 54 86 51 73 41 9 33 94 49 38 1 52 75 18 29 17 24 12 27 39 28 50 14 21 83 8 19 92 78 43 71 99 87 30 32 66 93 16 63 56 45 35 22 55 77 91 95 40 67 97 70 79 80 42 60 25 82 34 84 53 90 61 37 48 23 20 76 68 13 7 10 4 89 
TEST 111 ARG:82 24 20 27 86 75 51 36 89 16 3 66 70 78 81 25 32 69 38 0 55 26 99 39 8 9 2 29 42 67 59 94 54 11 47 30 92 88 45 15 71 80 63 10 68 62 74 41 17 72 5 48 21 65 4 60 19 85 98 22 76 6 52 83 37 91 46 58 50 34 7 56 12 1 43 14 31 64 97 40 23 79 96 28 18 61 77 84 53 95 35 44 93 13 87 57 90 73 49 33 
TEST 112 ARG:46 3 51 14 79 27 92 22 69 64 60 63 85 41 58 53 40 67 4 49 2 65 31 73 38 23 17 24 42 25 29 6 10 71 82 5 78 90 61 57 13 0 44 34 89 66 50 68 11 94 59 86 32 77 87 36 39 83 95 12 80 20 88 98 74 26 19 15 8 35 28 30 43 56 72 76 21 37 62 91 99 47 16 70 75 48 9 96 52 84 1 81 18 33 93 54 7 97 55 45 
TEST 113 ARG:84 40 89 85 51 75 78 19 55 7 28 17 50 3 58 97 79 12 6 21 20 83 33 36 16 71 10 90 52 96 37 70 8 68 98 44 43 34 82 69 14 15 30 9 41 35 91 5 2 31 4 22 49 65 77 18 0 26 60 92 73 38 42 27 93 99 53 24 62 63 25 94 88 45 11 54 47 64 66 1 74 87 48 46 39 29 57 32 56 95 59 76 80 67 13 86 81 72 23 61 
TEST 114 ARG:61 36 78 39 16 67 95 1 38 91 32 53 90 18 4 82 51 48 28 14 94 22 52 44 13 33 11 24 30 64 73 72 65 6 46 41 29 75 5 79 62 76 50 71 0 60 23 3 70 63 21 35 81 10 42 58 99 87 26 7 92 8 19 85 55 68 37 74 9 31 77 15 96 97 49 80 45 43 88 40 66 86 57 2 20 59 56 89 98 27 93 84 69 34 12 17 83 54 25 47 
TEST 115 ARG:53 46 23 10 5 12 81 75 87 96 79 43 78 76 27 54 40 91 97 86 64 55 8 1 94 7 34 49 32 20 47 98 6 92 24 28 84 90 35 48 95 44 65 17 70 19 74 50 15 60 39 85 83 89 57 69 38 30 63 3 18 37 77 72 66 26 80 16 31 88 71 4 93 56 42 22 51 2 58 99 45 41 68 73 59 29 9 62 0 61 36 82 25 33 52 13 21 11 67 14 
TEST 116 ARG:92 19 69 38 53 31 56 96 74 2 29 0 28 60 83 35 23 58 15 33 89 14 52 71 64 16 72 6 36 37 8 21 91 81 63 88 34 42 27 61 41 59 65 66 54 55 78 99 10 7 70 20 1 73 11 25 97 86 49 22 62 4 40 84 90 39 68 44 13 32 80 47 76 18 12 24 9 85 77 82 30 75 45 26 51 93 50 43 98 95 94 79 5 17 57 67 46 3 87 48 
TEST 117 ARG:61 24 12 30 84 20 75 48 25 28 99 69 23 17 11 44 92 72 50 39 78 85 3 60 89 7 36 96 37 35 74 13 43 45 27 55 77 0 46 79 81 15 18 65 4 68 93 88 8 31 76 62 95 51 26 98 70 94 34 57 56 41 10 22 2 64 1 32 6 67 14 16 19 82 42 9 80 73 58 91 83 66 40 86 29 49 38 71 53 63 59 52 33 54 97 90 87 47 5 21 
TEST 118 ARG:61 39 77 34 6 20 17 10 83 98 0 59 65 99 47 24 46 40 5 32 53 49 23 72 27 79 76 75 64 96 8 85 9 13 63 3 91 25 73 56 30 36 70 57 22 88 62 55 93 26 2 94 37 35 18 69 28 38 7 14 15 33 86 80 66 84 44 81 19 12 52 92 50 68 29 71 42 58 95 31 45 41 74 48 43 11 87 21 1 54 90 82 67 97 51 89 16 4 60 78 
TEST 119 ARG:24 19 0 45 83 25 90 2 67 37 85 96 47 20 89 61 7 81 93 98 77 14 69 50 66 76 80 3 13 31 9 30 94 82 29 51 48 35 12 72 33 43 15 39 59 11 53 1 49 44 21 58 71 18 42 8 97 27 17 41 28 70 60 62 79 74 23 73 5 32 26 56 54 52 64 65 4 75 10 87 34 40 88 84 63 99 92 46 95 78 38 36 91 55 86 22 68 57 16 6 
TEST 120 ARG:21 79 59 90 95 86 23 61 13 50 30 63 47 38 32 62 54 74 31 45 88 94 18 69 51 91 3 64 60 52 85 78 40 49 20 19 6 16 29 55 37 11 27 97 1 26 70 7 34 56 73 24 83 9 67 92 46 77 75 28 17 98 33 22 8 66 89 81 25 4 15 2 53 57 99 93 0 84 80 12 42 68 82 35 43 87 65 76 41 10 96 39 14 48 71 58 72 36 44 5 
TEST 121 ARG:36 33 72 82 70 64 67 40 86 21 79 52 69 0 93 54 99 58 38 71 98 3 89 90 46 62 45 14 25 78 84 53 37 42 56 15 96 17 24 65 20 83 97 12 41 22 26 76 4 47 29 43 61 2 11 60 6 28 39 5 57 50 59 1 7 75 48 55 81 8 27 68 74 73 88 66 63 92 10 85 32 80 23 87 30 35 16 91 18 49 77 19 44 9 31 94 51 95 34 13 
TEST 122 ARG:96 1 29 64 70 45 98 71 17 54 91 55 6 46 67 20 4 90 75 86 19 52 27 40 62 22 32 9 48 58 21 78 50 43 92 87 37 99 85 42 26 79 68 10 8 56 97 47 65 60 38 24 77 72 89 23 94 14 35 93 76 31 39 7 3 59 0 11 80 15 12 2 18 88 82 57 51 49 36 16 61 81 41 28 33 66 83 53 69 44 74 84 5 34 73 30 95 25 63 13 
TEST 123 ARG:54 67 33 9 98 80 47 74 48 93 25 43 61 21 17 45 68 86 75 49 56 87 26 97 72 20 37 28 55 29 90 39 99 64 51 60 30 18 22 52 41 94 50 81 57 16 63 11 5 95 53 40 91 78 69 82 31 88 84 83 59 79 7 70 4 96 27 8 6 58 89 92 19 77 46 42 2 34 13 3 24 1 10 66 62 35 85 14 65 0 32 71 44 38 73 76 23 36 15 12 
TEST 124 ARG:47 53 56 37 29 14 10 77 35 48 25 90 54 82 16 5 46 41 44 2 94 31 91 40 32 21 23 99 67 3 4 7 27 19 83 17 65 50 24 78 57 86 75 6 0 70 38 76 92 84 20 62 9 97 69 8 12 64 80 43 52 61 81 66 74 18 33 51 15 1 42 85 39 49 95 93 71 72 63 28 22 98 30 96 34 87 73 58 11 59 89 60 88 55 79 13 45 68 26 36 
TEST 125 ARG:7 28 96 12 54 29 27 61 37 11 84 83 17 76 75 66 52 89 90 45 0 41 44 51 81 35 23 16 92 68 67 49 88 73 33 55 10 31 79 58 34 8 25 6 39 78 13 32 18 42 50 86 38 59 40 98 15 87 22 14 62 72 71 80 95 21 94 74 36 2 64 70 53 99 3 9 93 46 47 20 30 77 5 91 26 4 65 56 60 1 43 19 48 57 82 69 63 85 97 24 
TEST 126 ARG:39 57 60 30 1 4 56 17 0 36 91 19 48 5 53 46 85 49 73 96 33 76 43 26 95 22 63 70 93 65 29 6 34 67 84 74 13 59 37 86 81 7 2 72 25 47 31 27 12 62 24 10 20 41 16 15 90 58 82 66 28 68 94 3 88 40 50 14 99 32 69 35 61 38 45 55 23 54 8 75 89 79 71 18 52 92 80 11 87 21 64 77 42 83 44 97 51 78 9 98 
TEST 127 ARG:55 98 11 30 28 94 90 78 81 63 1 12 5 3 47 70 22 76 10 54 64 13 67 92 97 2 38 88 51 61 25 57 23 68 44 66 79 48 53 83 36 41 65 93 26 29 69 6 7 37 91 75 18 39 42 20 34 86 0 32 19 59 85 73 84 99 46 27 35 8 58 89 49 21 4 56 72 62 74 71 15 95 77 31 45 87 17 82 80 43 52 50 33 24 14 96 40 9 60 16 
TEST 128 ARG:19 68 95 54 79 48 86 87 24 36 13 63 10 84 12 37 51 70 44 2 61 81 45 88 73 56 60 22 58 47 34 89 28 93 26 53 0 78 40 23 98 5 21 32 57 3 80 18 96 85 39 92 42 41 77 52 59 75 50 91 64 35 71 17 15 83 14 30 4 49 29 99 69 76 74 43 90 31 27 20 97 7 82 72 11 62 46 25 55 33 65 16 9 67 66 1 6 8 94 38 
TEST 129 ARG:77 32 14 34 9 27 2 33 73 37 42 85 28 51 62 23 52 88 18 75 96 74 67 78 69 7 70 10 46 0 29 17 79 19 50 98 84 31 94 12 22 3 87 16 49 20 26 54 6 56 64 92 93 4 90 36 24 86 68 45 82 5 80 66 44 39 89 91 25 72 11 60 57 55 30 8 43 76 83 13 35 58 40 1 95 15 81 63 99 41 59 38 53 21 48 65 97 47 71 61 
TEST 130 ARG:11 27 88 78 2 23 75 1 41 22 60 57 99 39 14 53 84 59 21 82 92 80 95 81 16 71 93 86 61 63 43 85 72 3 51 28 19 12 45 46 58 66 10 5 48 89 40 62 76 74 4 13 35 77 18 68 31 0 96 70 29 24 17 94 7 56 73 9 6 87 90 26 25 38 47 36 64 98 50 91 55 42 34 8 54 32 97 20 44 67 83 69 65 79 30 37 33 52 49 15 
TEST 131 ARG:80 19 9 20 25 22 82 1 43 47 97 54 94 65 45 63 72 38 21 79 71 34 44 75 78 13 90 29 62 18 58 28 7 15 16 36 76 60 56 61 8 39 32 4 10 88 67 84 48 93 99 87 17 83 30 77 55 11 23 59 50 12 74 51 64 57 96 91 85 49 52 31 27 53 68 70 5 73 0 95 89 42 81 98 26 66 40 35 86 69 14 92 33 24 37 6 46 3 2 41 
TEST 132 ARG:10 29 2 39 94 77 60 4 91 40 86 89 96 75 97 11 78 36 67 45 56 63 27 80 32 8 38 93 21 58 70 95 12 48 18 37 68 35 98 88 1 23 53 17 79 87 15 82 61 64 0 14 74 28 62 33 84 69 41 13 76 25 49 5 22 19 90 26 43 16 9 3 42 24 85 34 65 83 44 54 59 7 99 52 31 66 47 92 72 55 30 46 71 57 50 20 73 51 81 6 
TEST 133 ARG:35 39 80 4 57 98 37 1 43 33 46 49 53 20 59 36 60 74 26 8 16 11 22 45 42 40 30 70 91 28 72 31 9 89 90 12 79 71 77 84 24 15 73 62 83 66 82 96 27 64 47 95 56 25 86 97 78 50 7 76 6 99 68 58 85 21 14 48 0 41 63 18 44 34 65 54 81 55 75 38 69 2 10 92 13 32 23 67 52 61 29 51 94 17 87 19 93 5 88 3 
TEST 134 ARG:10 83 64 80 66 75 90 99 97 63 12 20 41 70 37 82 29 71 36 43 53 65 26 88 59 85 0 76 6 27 86 72 16 54 30 3 24 11 94 81 33 74 62 40 52 87 58 48 96 50 46 45 67 78 84 55 23 92 73 38 98 5 28 44 51 60 21 15 68 4 19 39 1 91 32 56 9 93 17 89 2 49 31 57 18 95 79 35 42 14 7 34 25 61 8 77 22 69 13 47 
TEST 135 ARG:73 30 29 84 87 11 7 89 54 34 59 10 9 38 57 36 42 98 48 81 74 69 75 93 24 16 77 91 44 90 61 33 88 70 96 95 80 8 47 62 49 32 39 85 86 40 23 19 94 64 28 78 2 43 97 79 25 4 27 17 66 51 5 63 20 12 15 56 14 92 35 82 1 37 22 13 99 76 58 21 46 3 83 0 71 67 55 18 53 26 72 68 65 45 60 31 50 6 52 41 
TEST 136 ARG:12 19 48 66 28 59 97 46 70 15 86 68 26 13 31 83 9 27 11 43 7 17 50 42 29 0 5 90 96 4 33 1 82 54 36 18 85 95 20 60 56 63 91 35 64 98 87 30 92 24 51 39 44 22 61 93 37 74 67 73 58 23 71 3 10 34 55 75 99 57 40 62 52 16 45 69 78 6 81 41 53 8 47 94 76 84 88 77 21 89 32 65 14 25 49 79 72 80 38 2 
TEST 137 ARG:36 35 8 53 69 44 97 24 31 54 45 39 91 6 34 33 20 5 66 89 18 19 12 1 93 78 13 32 75 10 60 61 56 72 49 25 52 51 79 71 55 98 95 43 74 9 15 17 0 7 77 67 81 80 63 88 27 57 40 11 83 14 41 42 29 23 3 46 38 50 86 2 59 99 48 84 92 85 37 94 28 64 73 16 82 62 58 47 65 76 30 22 4 96 26 68 90 87 70 21 
TEST 138 ARG:39 55 27 64 98 43 2 84 90 47 81 11 8 42 16 94 92 20 31 25 96 69 56 13 68 40 75 62 57 91 9 35 36 23 17 83 80 49 12 21 93 78 74 33 61 3 63 0 97 18 29 99 60 77 7 67 26 41 58 88 76 53 38 85 34 22 50 73 44 59 95 24 28 4 37 66 54 46 14 30 15 48 72 45 89 86 79 71 70 51 10 6 65 32 5 1 87 19 52 82 
TEST 139 ARG:20 40 91 8 72 63 48 54 5 18 89 55 35 17 86 87 66 6 75 3 49 9 62 59 24 57 38 97 80 39 0 77 88 82 69 23 67 21 98 13 96 90 84 81 37 12 51 32 50 99 42 64 46 29 36 94 85 22 93 19 74 92 2 73 45 44 58 65 15 31 30 79 71 28 26 27 56 34 52 16 95 43 70 4 10 7 53 78 11 76 14 25 60 1 33 47 83 41 61 68 
TEST 140 ARG:36 95 80 98 10 60 74 47 68 61 71 15 25 27 88 7 21 67 90 75 73 13 41 70 59 5 26 50 57 18 4 83 20 93 8 46 62 94 22 29 48 30 87 17 52 72 32 78 96 24 38 55 39 23 28 31 34 79 64 14 58 85 19 76 11 1 35 2 63 42 84 91 56 69 0 65 86 3 12 99 43 44 6 45 16 49 33 92 9 81 66 77 53 40 51 54 89 37 82 97 
TEST 141 ARG:86 64 16 50 39 60 83 61 56 25 68 46 51 75 37 29 59 13 78 19 21 94 55 74 27 41 76 32 87 80 38 53 69 93 31 98 97 63 1 3 45 20 30 7 15 67 5 57 70 35 88 26 47 36 99 84 34 85 12 43 79 72 0 66 52 54 18 92 44 89 17 22 91 81 11 42 95 62 24 77 6 40 65 71 82 28 9 73 23 4 58 8 2 96 48 10 90 14 33 49 
TEST 142 ARG:57 78 35 94 20 7 56 3 34 15 93 74 85 43 21 26 68 59 58 5 76 14 98 4 36 44 10 22 62 13 54 90 47 8 27 91 60 16 55 28 65 33 53 42 6 86 29 87 41 45 11 50 77 31 70 37 23 64 17 89 61 2 32 83 71 0 96 38 24 30 84 1 19 97 9 82 63 66 12 18 75 80 73 88 25 46 48 99 95 67 79 52 72 81 69 40 92 49 51 39 
TEST 143 ARG:20 27 70 15 51 40 82 46 11 84 34 54 56 4 99 73 16 33 49 36 10 22 6 55 0 97 69 52 9 1 2 25 62 59 50 77 83 81 76 48 90 66 47 74 60 44 13 29 64 80 37 17 68 38 42 5 94 71 86 79 26 41 95 92 57 19 30 65 45 58 21 63 91 87 32 89 53 31 93 88 67 85 28 96 3 39 75 78 61 23 98 12 18 7 35 72 43 8 24 14 
TEST 144 ARG:88 90 57 44 51 82 19 39 63 65 34 50 14 52 21 4 27 0 55 7 23 80 30 49 79 13 48 10 8 47 40 12 68 17 98 75 67 45 29 77 86 72 43 73 78 70 54 5 64 61 38 92 6 26 87 46 24 71 89 28 37 3 60 66 95 18 58 99 94 69 36 91 53 32 2 1 42 11 96 31 35 85 83 97 33 76 59 25 56 81 84 15 16 74 22 41 9 93 62 20 
TEST 145 ARG:9 79 39 89 44 46 74 61 43 51 73 8 26 42 33 91 58 2 15 21 6 71 84 85 14 90 12 27 55 83 34 93 94 1 59 16 87 81 99 31 5 92 28 36 64 56 18 40 35 30 88 24 82 10 41 57 60 53 4 13 29 23 78 95 63 32 70 66 96 49 50 77 19 0 37 72 25 22 76 48 38 62 69 75 86 17 68 97 98 67 54 11 20 45 65 47 7 52 80 3 
TEST 146 ARG:20 73 53 65 14 71 61 45 64 28 97 91 69 36 17 74 59 92 48 86 95 77 89 21 43 13 29 94 33 3 22 12 31 8 24 16 72 76 30 42 10 85 44 52 96 49 98 88 58 50 18 78 26 47 81 63 84 68 55 39 99 5 6 79 40 46 35 9 2 93 60 4 32 34 11 38 0 56 82 90 83 67 15 23 37 1 75 27 87 80 7 41 57 51 70 25 62 54 19 66 
TEST 147 ARG:52 16 53 26 31 27 33 37 90 32 38 17 95 4 40 7 28 42 58 59 41 92 79 71 34 69 9 50 87 88 74 18 86 0 8 10 64 68 25 77 3 93 14 85 98 2 1 65 89 46 70 94 76 29 15 84 66 13 56 91 47 11 55 36 57 96 72 49 97 44 48 24 43 63 75 80 67 21 51 60 61 54 83 45 82 81 73 20 62 19 35 23 78 30 12 39 22 5 99 6 
TEST 148 ARG:54 46 65 99 86 48 37 47 45 12 40 69 88 35 53 92 85 56 63 96 25 29 84 51 31 32 41 52 8 34 20 55 28 1 30 82 19 61 62 94 60 90 38 64 44 0 58 5 87 4 6 17 89 97 10 26 57 70 15 73 78 13 18 71 79 23 81 27 77 43 21 36 72 11 9 66 33 59 42 98 93 3 24 16 75 91 39 22 7 67 50 80 68 95 74 14 83 76 2 49 
TEST 149 ARG:48 96 32 1 8 91 20 24 55 33 86 89 17 29 63 79 0 94 16 35 52 95 38 4 19 2 71 15 68 54 6 43 45 9 93 65 42 13 59 18 46 41 66 30 62 74 26 14 47 61 7 57 99 64 21 36 72 80 25 51 87 60 39 12 85 23 50 82 98 75 70 3 90 53 44 22 27 78 69 40 84 31 34 49 83 97 28 11 88 92 10 81 77 76 73 5 58 67 56 37 
TEST 150 ARG:62 48 16 5 98 49 23 0 73 75 22 27 77 95 92 41 38 17 12 60 50 80 52 30 40 20 6 3 64 10 79 63 32 87 1 21 25 67 66 37 8 69 36 83 9 19 34 26 29 55 24 56 35 88 7 94 99 70 82 31 81 14 61 45 85 47 2 54 90 42 74 58 84 53 91 33 39 68 44 18 13 97 59 89 71 72 11 28 96 51 86 76 65 78 46 57 4 15 43 93 
TEST 151 ARG:48 72 38 84 97 15 91 96 10 90 65 53 85 12 69 60 64 2 8 79 73 77 45 24 51 63 67 31 88 22 20 94 4 87 47 58 42 57 37 99 74 52 76 32 28 13 83 71 3 1 92 40 93 30 78 39 23 43 68 44 50 82 16 55 27 54 98 75 86 66 70 0 81 62 11 46 25 17 49 36 6 95 80 29 89 59 18 5 9 41 61 14 26 7 35 56 21 33 34 19 
TEST 152 ARG:40 54 23 0 87 45 64 27 85 83 47 42 10 13 9 5 11 86 15 91 48 7 68 44 57 82 25 88 33 3 79 55 20 66 30 18 39 46 4 2 76 38 32 60 81 77 59 34 62 61 72 17 74 28 14 73 90 16 24 35 22 37 63 29 84 78 97 65 43 50 53 26 52 71 8 56 21 69 1 19 75 95 36 41 70 58 94 89 99 93 80 49 51 98 6 12 96 67 92 31 
TEST 153 ARG:17 98 11 44 34 71 21 76 43 38 25 79 32 74 82 6 10 55 58 40 15 49 48 2 1 95 94 64 88 46 16 27 77 30 66 93 26 72 19 41 13 68 60 89 65 62 57 84 12 29 83 35 36 50 23 45 67 52 24 5 87 53 18 96 56 69 78 81 3 14 92 33 22 97 51 37 54 99 70 4 28 47 59 90 73 8 80 61 9 42 85 91 86 31 7 75 63 39 20 0 
TEST 154 ARG:51 33 13 53 79 86 95 71 75 46 73 83 48 78 91 62 43 23 21 58 12 18 7 66 42 98 28 96 44 94 36 60 6 25 55 30 72 20 45 24 8 54 27 9 40 3 22 2 99 89 52 4 65 68 81 1 32 59 82 16 49 17 90 56 39 76 85 84 88 29 14 74 35 87 64 19 26 5 67 10 11 15 70 93 80 92 69 37 31 41 0 63 61 77 57 47 38 50 34 97 
TEST 155 ARG:54 28 10 96 87 61 11 83 30 13 68 51 94 41 15 47 56 46 71 20 32 85 80 89 53 33 90 62 14 50 99 36 9 93 73 17 29 70 4 27 7 24 76 37 23 97 48 52 95 66 72 77 0 45 78 65 26 49 42 69 21 19 25 2 18 43 88 91 75 92 8 31 60 44 86 22 82 81 79 84 59 57 38 34 55 40 67 16 3 39 1 58 98 12 35 74 6 64 63 5 
TEST 156 ARG:89 71 64 56 13 48 34 32 92 52 98 60 38 75 22 72 24 68 49 12 39 4 17 79 70 15 50 26 1 87 86 29 51 99 90 66 6 93 21 19 3 23 58 88 46 83 97 63 9 95 8 40 7 54 37 41 0 20 85 42 31 14 69 43 96 36 55 62 25 53 81 30 73 67 74 76 33 45 2 16 82 28 78 61 5 65 11 77 10 35 80 84 57 47 91 44 18 94 59 27 
TEST 157 ARG:60 1 0 54 88 51 81 30 45 57 94 8 19 50 61 93 78 3 23 56 59 99 95 37 35 26 41 9 29 55 38 72 32 25 43 12 87 74 75 31 10 84 58 63 42 40 89 13 6 5 20 24 21 86 83 65 39 47 53 4 68 22 2 14 27 73 96 90 33 64 76 71 48 69 98 91 36 66 17 28 62 80 11 16 85 67 82 52 46 34 49 92 70 15 97 77 79 7 44 18 
TEST 158 ARG:16 47 40 59 96 53 58 32 27 25 88 90 92 26 81 24 41 43 18 71 84 64 49 76 13 31 54 5 15 97 82 12 68 79 55 1 22 50 98 95 42 21 10 80 67 28 72 11 39 74 38 48 56 44 93 6 30 94 91 8 60 4 62 33 0 73 29 99 7 89 17 14 20 9 77 83 37 87 52 69 65 2 70 36 86 45 75 66 23 35 34 46 61 3 78 57 51 63 19 85 
TEST 159 ARG:33 88 67 38 10 29 74 21 73 65 11 6 93 91 0 27 43 23 52 58 72 89 36 17 7 57 98 48 40 31 37 13 9 42 56 62 96 97 8 1 24 78 12 63 25 59 39 26 71 55 4 60 76 14 5 46 70 84 50 28 68 2 47 95 75 16 82 18 51 90 35 69 49 61 30 85 80 45 44 81 64 77 54 15 32 86 87 53 19 66 92 3 20 94 83 99 79 41 22 34 
TEST 160 ARG:23 43 85 10 55 37 72 84 76 54 46 88 31 47 59 27 33 83 1 78 42 49 99 6 7 15 52 71 75 61 74 29 35 30 44 63 48 98 14 25 89 73 16 86 53 9 97 87 81 26 41 67 51 79 36 8 91 62 60 17 96 18 21 2 5 64 95 24 68 22 66 28 0 32 65 77 13 56 80 90 69 11 20 3 92 4 12 93 58 57 45 34 19 38 39 82 50 94 70 40 
TEST 161 ARG:13 83 63 56 99 23 51 24 54 29 85 2 81 22 53 87 50 6 57 48 59 74 92 96 16 70 25 5 33 77 35 67 97 46 71 7 52 76 62 79 26 34 69 37 68 60 28 80 86 4 39 72 31 84 3 95 30 8 65 17 88 15 21 12 20 18 90 45 55 78 40 32 10 43 58 42 64 89 41 47 75 82 19 91 9 0 66 98 61 93 11 94 36 49 73 44 38 1 14 27 
TEST 162 ARG:0 53 44 8 93 56 54 59 10 33 47 49 11 76 5 50 23 38 90 65 2 84 88 32 48 97 77 7 62 25 1 52 92 95 24 17 89 42 16 81 30 79 35 20 70 19 45 91 57 6 31 14 75 96 73 94 15 34 40 68 21 74 36 61 67 99 51 41 66 13 98 22 80 55 46 63 9 60 39 71 29 58 86 28 3 87 37 18 69 4 83 27 12 72 43 82 26 64 85 78 
TEST 163 ARG:61 92 28 98 64 32 7 63 84 0 49 42 91 80 48 41 78 72 60 90 20 69 65 81 10 95 34 12 38 74 37 86 35 18 82 62 77 24 99 43 4 13 66 97 40 54 52 93 96 25 79 89 16 85 9 53 15 88 27 21 17 33 30 29 44 1 45 8 2 70 59 83 6 76 19 31 94 87 75 50 58 47 51 67 11 56 36 5 22 23 68 57 14 39 3 46 26 73 55 71 
TEST 164 ARG:2 48 59 7 32 71 78 0 51 85 91 70 5 45 72 12 42 61 83 39 68 29 14 90 6 1 27 75 25 38 11 57 80 56 17 76 3 95 77 97 24 15 21 40 87 81 18 20 84 65 92 44 8 74 34 19 88 28 35 33 10 9 37 99 69 60 16 54 94 26 53 43 98 63 89 93 47 41 13 58 79 22 73 55 30 49 64 86 4 96 62 23 82 36 52 67 50 66 46 31 
TEST 165 ARG:90 99 38 22 41 16 1 93 98 45 78 47 65 74 67 34 12 33 84 85 73 80 36 83 17 44 57 0 76 32 87 15 62 19 42 96 5 79 26 13 10 37 64 4 58 89 49 14 54 69 30 63 70 50 28 55 97 88 27 9 75 46 48 8 23 35 18 52 56 94 25 6 59 86 29 51 81 43 31 53 60 72 39 92 3 68 66 71 24 40 95 7 2 91 20 77 61 11 21 82 
TEST 166 ARG:54 97 6 10 47 36 41 68 73 64 23 77 48 49 74 63 95 69 78 56 16 58 12 27 35 25 98 43 19 7 93 0 33 50 71 24 40 57 31 3 55 83 75 51 17 29 11 76 85 70 66 59 13 89 32 86 26 91 4 88 79 21 8 38 18 37 1 87 9 94 60 22 39 82 30 90 84 62 42 81 72 92 34 80 99 46 67 20 28 65 5 2 14 15 44 45 61 96 52 53 
TEST 167 ARG:72 14 52 92 78 79 73 15 90 82 11 10 22 64 26 18 63 8 99 57 51 49 42 28 54 98 24 35 97 93 41 50 85 68 55 81 32 45 88 40 7 34 95 20 17 37 39 62 75 38 9 33 89 16 0 66 12 76 19 59 77 31 23 74 86 27 1 65 5 53 21 44 6 87 84 67 47 58 83 4 30 46 48 80 3 69 56 60 43 96 94 29 71 13 36 61 2 25 91 70 
TEST 168 ARG:93 34 50 0 2 14 70 40 1 96 86 88 84 65 89 42 62 12 13 78 97 75 63 68 21 98 83 33 3 26 90 4 35 79 99 24 69 56 55 80 57 18 9 54 44 59 45 32 15 25 94 29 64 91 22 10 6 41 73 82 58 87 19 17 85 49 81 67 30 66 16 74 7 38 43 60 71 52 51 39 76 47 53 5 46 92 11 28 95 48 27 20 36 8 77 72 23 37 31 61 
TEST 169 ARG:82 29 50 0 12 55 6 72 66 33 67 25 60 43 10 63 59 31 71 87 37 15 84 19 38 97 99 32 48 46 1 91 28 79 11 75 80 65 86 45 13 26 53 62 27 4 49 95 41 58 94 54 92 96 69 2 47 22 68 81 76 85 40 57 9 52 88 35 78 83 90 74 7 73 16 39 64 21 23 3 61 56 70 34 98 18 93 44 17 36 8 51 24 42 20 77 89 14 30 5 
TEST 170 ARG:99 2 66 95 47 91 59 89 42 60 46 82 22 36 65 33 64 32 19 72 90 61 41 62 26 50 86 43 15 96 74 20 40 73 79 69 88 4 92 35 80 9 3 30 1 14 5 52 85 37 18 81 87 7 75 25 58 8 67 49 83 97 34 84 21 48 55 68 27 44 31 17 16 23 53 56 10 45 63 38 24 6 57 71 77 13 54 93 94 29 28 51 12 70 78 0 39 11 76 98 
TEST 171 ARG:47 23 31 5 28 0 44 94 21 19 42 13 95 55 54 60 22 79 82 75 12 92 84 29 39 25 86 41 35 27 85 83 8 64 97 9 56 52 62 32 57 45 98 99 61 91 15 30 33 76 67 24 58 38 90 14 7 89 81 96 2 59 48 17 50 53 49 10 6 36 69 65 73 16 74 87 40 11 66 4 20 18 72 63 43 1 70 46 93 51 77 37 71 26 34 88 78 80 3 68 
TEST 172 ARG:21 18 0 81 36 27 51 56 94 8 9 32 77 38 39 46 30 84 22 72 71 90 65 24 86 69 47 4 70 91 60 34 93 6 96 5 3 53 14 50 83 89 1 41 45 98 15 19 43 28 64 73 95 31 29 68 12 20 23 2 16 66 37 26 35 44 17 99 7 25 67 13 42 58 75 11 10 48 85 55 40 61 79 52 57 80 88 33 78 87 59 76 63 54 82 49 97 92 62 74 
TEST 173 ARG:33 74 50 84 32 25 94 61 58 66 69 36 86 88 19 23 49 68 10 41 75 28 4 40 99 62 95 9 93 83 81 20 57 46 59 64 31 11 37 72 78 89 45 73 30 6 24 98 53 44 34 87 3 8 76 43 82 17 12 21 80 77 39 15 27 1 29 26 90 51 97 91 47 13 16 52 48 79 56 2 71 42 5 85 55 60 96 35 38 92 22 70 63 0 65 67 14 18 7 54 
TEST 174 ARG:72 19 43 35 9 46 95 56 90 13 25 60 58 75 31 65 36 26 54 14 15 21 0 53 18 37 45 52 40 84 1 59 24 63 82 80 77 92 98 66 42 76 93 71 78 51 29 85 94 41 86 49 4 48 50 96 8 32 6 62 20 5 70 23 67 89 38 83 11 55 10 39 17 44 12 64 97 22 27 69 81 73 99 33 68 57 3 30 7 91 28 47 74 2 88 16 61 34 87 79 
TEST 175 ARG:91 16 8 45 57 93 92 3 49 26 21 63 62 76 56 84 70 4 44 67 6 99 54 27 48 61 47 7 20 59 51 77 80 12 34 73 17 42 28 40 55 46 32 31 41 72 36 50 38 79 94 69 58 30 5 64 2 75 52 89 90 68 43 11 88 95 22 18 66 37 9 19 24 15 39 60 71 0 96 78 81 87 97 1 74 82 83 35 53 25 86 14 33 29 10 85 65 13 98 23 
TEST 176 ARG:88 38 55 87 35 42 71 31 23 99 63 26 32 18 34 58 65 30 19 98 47 36 8 6 56 13 43 57 72 22 16 73 28 62 51 20 45 17 40 77 25 64 66 15 44 37 29 60 33 3 4 83 41 84 90 14 67 53 76 94 9 12 48 24 1 96 27 70 75 10 59 79 69 91 52 11 49 21 95 50 2 0 89 82 92 54 78 39 86 68 61 5 81 80 74 93 97 7 46 85 
TEST 177 ARG:92 11 95 16 72 4 25 68 58 28 21 56 26 42 52 48 93 29 34 60 74 22 84 35 8 36 15 17 7 55 49 62 69 6 14 57 98 78 50 88 71 97 0 2 81 83 64 73 5 41 39 86 47 99 33 59 51 44 40 66 75 85 53 89 90 67 80 45 65 79 19 94 96 27 77 9 13 37 1 63 43 18 46 30 82 12 61 23 20 70 10 38 76 3 54 91 31 32 24 87 
TEST 178 ARG:88 22 32 47 76 24 58 31 74 15 10 17 67 97 14 49 93 91 33 48 28 26 52 23 9 44 41 40 66 73 89 8 50 95 1 0 99 69 43 42 5 46 65 12 85 86 59 56 75 18 68 45 94 92 37 21 2 77 35 82 4 70 96 79 53 7 29 72 60 98 62 25 61 11 80 87 83 16 6 54 13 71 38 34 27 51 81 90 57 20 36 3 39 84 64 55 19 30 78 63 
TEST 179 ARG:11 23 86 46 52 17 75 67 31 54 61 39 88 10 20 63 24 41 82 44 89 65 13 19 81 43 22 50 53 76 15 80 87 21 40 84 7 70 8 94 60 33 47 6 29 0 34 4 56 79 18 1 35 16 32 62 3 68 5 12 66 93 99 9 73 28 49 38 25 42 98 78 74 45 69 51 36 30 64 14 26 90 71 91 85 48 57 77 97 92 58 83 95 2 59 37 96 27 55 72 
TEST 180 ARG:82 69 91 24 84 18 19 87 4 0 22 72 55 86 68 5 62 13 26 99 47 25 93 81 15 7 56 79 80 20 41 46 14 43 48 95 35 36 44 6 75 74 40 88 90 98 10 28 17 29 30 8 65 61 11 21 58 76 27 94 53 9 89 63 64 77 49 71 54 45 31 57 12 38 42 37 33 1 3 67 60 59 73 66 51 39 23 78 2 52 97 70 34 16 83 32 96 92 50 85 
TEST 181 ARG:88 39 9 28 6 97 93 4 51 43 50 91 21 25 19 52 40 89 85 54 76 22 79 11 48 2 78 32 5 42 99 17 64 55 73 68 13 14 26 1 81 92 57 20 41 58 84 27 16 10 38 34 60 18 86 47 96 24 36 33 83 53 67 37 90 72 74 0 46 94 7 98 15 61 65 56 62 77 12 80 3 70 8 29 82 75 35 87 66 95 69 49 59 44 63 31 45 23 71 30 
TEST 182 ARG:40 19 16 97 22 57 46 41 11 89 25 33 58 43 49 93 62 39 5 35 15 86 32 82 28 23 74 45 10 20 37 6 83 26 12 4 80 36 64 42 30 7 67 1 17 3 56 91 69 85 95 51 55 92 24 8 94 73 71 99 76 59 29 13 79 47 54 77 61 75 38 66 65 70 52 21 2 18 98 88 0 81 84 78 96 34 31 50 90 27 44 87 9 14 72 68 60 63 48 53 
TEST 183 ARG:40 51 72 41 69 75 78 82 88 86 67 34 45 24 35 70 98 21 13 65 30 10 56 0 74 53 99 18 3 64 94 44 73 19 16 4 63 52 60 23 6 76 97 17 92 42 50 15 71 96 29 91 39 32 43 84 55 90 36 11 85 26 14 81 31 59 54 46 12 37 95 7 61 83 68 77 79 5 28 89 57 80 8 62 2 66 47 22 87 49 93 33 1 9 25 58 27 48 38 20 
TEST 184 ARG:82 85 45 51 12 13 32 92 60 7 76 44 55 40 68 41 9 89 42 52 35 80 34 43 74 56 15 73 22 69 83 23 59 1 71 39 70 33 96 61 58 24 19 78 86 37 16 0 90 4 99 53 64 10 79 88 63 2 77 27 46 21 81 36 14 98 97 25 62 29 47 93 26 8 66 38 31 11 30 5 17 57 49 28 75 20 54 65 18 94 91 48 95 50 72 87 3 6 67 84 
TEST 185 ARG:69 18 57 78 1 25 45 2 68 64 58 41 86 94 37 40 88 60 99 39 85 42 50 46 34 4 52 90 26 17 74 77 79 48 75 29 5 23 93 12 15 27 80 20 9 16 32 30 84 82 19 22 0 61 21 76 10 83 65 72 89 62 95 14 38 35 53 33 31 70 11 49 3 43 66 13 24 98 51 81 59 92 36 54 55 96 67 97 8 56 87 63 6 28 91 47 7 71 44 73 
TEST 186 ARG:46 63 51 78 30 59 87 8 1 26 3 91 79 86 66 29 75 96 57 42 53 39 11 22 81 15 72 88 61 33 7 17 60 44 25 0 80 48 70 38 74 18 2 32 4 71 65 27 45 36 55 24 98 97 20 83 41 90 93 50 73 69 56 19 62 76 23 85 13 6 54 10 28 89 34 35 21 31 64 47 94 12 95 37 77 84 9 52 40 58 92 67 99 68 14 49 82 5 16 43 
TEST 187 ARG:11 48 2 75 83 78 52 14 16 21 89 74 76 88 40 46 28 44 1 13 17 80 91 38 70 51 65 79 71 30 5 20 96 53 73 36 77 9 29 59 69 55 39 99 15 31 6 95 54 63 8 45 85 24 56 7 49 82 47 23 57 98 61 92 25 42 64 93 86 87 60 34 10 50 97 94 12 33 3 0 90 68 26 35 43 32 4 72 18 81 22 84 41 58 67 66 62 27 37 19 
TEST 188 ARG:86 39 56 13 7 26 12 64 34 85 93 36 23 3 67 81 69 58 10 45 19 16 43 51 27 25 60 88 53 20 97 96 21 73 98 70 32 22 61 57 38 28 4 68 75 54 79 63 89 94 62 66 41 91 78 55 5 74 0 71 92 82 99 18 14 76 52 77 2 6 49 87 15 59 42 33 17 84 80 29 72 11 40 47 31 48 9 90 50 24 30 1 46 35 95 83 44 37 65 8 
TEST 189 ARG:15 24 94 78 98 67 4 25 22 46 5 49 42 53 3 1 21 69 13 68 58 96 77 71 85 62 61 89 55 34 6 72 20 76 39 19 2 38 44 88 60 91 59 41 36 40 23 75 64 10 86 52 82 32 87 63 27 51 11 79 8 83 37 95 14 57 35 0 16 26 7 48 50 17 56 97 84 73 99 9 29 66 81 33 30 80 93 90 92 43 65 54 47 74 45 31 70 18 28 12 
TEST 190 ARG:5 11 78 77 26 36 15 58 30 7 89 17 67 47 4 12 1 61 43 13 79 24 62 19 21 39 56 73 32 71 82 18 74 94 50 81 55 33 93 92 45 65 0 48 37 40 23 3 16 57 66 70 52 6 87 63 9 29 25 98 76 46 28 90 8 49 53 80 44 95 86 51 60 10 96 14 91 38 68 54 75 2 85 83 59 22 72 69 64 20 99 35 97 31 41 27 42 84 88 34 
TEST 191 ARG:18 36 0 28 33 4 22 86 45 84 50 57 8 24 2 26 92 29 68 34 91 31 66 51 65 59 73 1 41 99 96 5 89 64 93 44 71 7 30 35 55 46 62 53 21 3 13 42 14 47 87 76 23 40 52 16 19 25 88 27 17 37 20 77 97 54 85 43 39 48 49 9 90 58 95 83 61 38 72 82 79 94 63 74 70 98 10 11 69 15 75 60 67 56 81 78 6 80 32 12 
TEST 192 ARG:26 89 48 4 90 54 37 3 36 1 57 58 75 50 23 10 92 85 91 81 11 62 35 73 82 32 9 12 97 93 5 71 43 33 30 77 96 6 78 99 67 17 14 84 18 94 98 83 61 65 63 56 69 42 44 64 7 87 74 15 27 68 45 86 40 31 2 24 95 53 46 29 20 16 49 76 79 47 34 0 55 80 39 52 21 22 28 8 25 13 70 60 41 38 19 66 72 51 59 88 
TEST 193 ARG:73 1 17 28 65 64 60 12 80 86 41 79 35 71 16 49 93 76 23 61 90 57 34 38 3 91 6 92 46 55 54 95 33 20 47 26 69 96 19 11 0 44 85 29 59 94 31 37 30 32 50 83 45 22 7 75 43 88 70 56 14 77 4 24 39 63 97 27 25 52 81 82 68 67 2 15 84 18 66 40 5 62 10 99 58 72 8 51 98 78 53 13 42 74 48 36 21 87 9 89 
TEST 194 ARG:30 34 21 59 24 95 90 53 43 71 57 7 10 20 46 39 32 75 84 47 27 61 76 85 74 37 67 17 98 72 79 96 52 6 25 63 38 18 40 55 31 22 23 1 91 45 94 56 69 81 99 9 5 0 13 97 78 51 48 19 58 50 64 68 62 8 14 42 29 73 66 41 92 70 16 88 4 36 28 83 12 33 54 60 35 65 80 89 86 15 3 26 49 77 87 44 93 82 11 2 
TEST 195 ARG:41 77 61 55 63 5 56 6 14 28 81 93 62 32 68 34 80 18 37 58 7 84 27 60 42 91 70 30 52 54 1 98 10 45 71 25 46 44 35 23 57 65 22 95 38 20 76 87 12 49 0 21 94 67 88 83 24 85 82 99 92 50 79 59 29 69 53 31 39 16 33 4 19 64 43 3 73 97 48 11 89 72 96 17 75 66 8 9 40 47 86 26 36 51 13 90 78 2 15 74 
TEST 196 ARG:9 49 40 35 25 34 90 42 98 91 55 20 37 26 74 76 7 11 36 21 85 13 96 84 87 45 1 94 88 44 71 3 78 46 29 0 32 53 17 6 93 19 41 52 62 24 33 16 38 72 57 77 82 47 66 81 22 60 65 15 67 58 8 23 59 18 5 97 79 2 61 43 27 51 4 54 10 50 95 92 56 48 86 68 80 69 63 64 14 99 73 83 12 28 31 89 39 70 30 75 
TEST 197 ARG:71 16 9 23 78 63 7 29 4 96 28 21 59 76 17 77 91 31 58 60 69 64 39 73 87 42 3 25 22 54 52 70 41 86 34 13 35 50 67 55 98 30 99 43 79 89 57 18 61 95 46 40 84 38 94 92 45 88 80 85 2 19 33 0 72 24 27 15 36 53 44 66 12 74 49 97 5 14 47 90 32 1 20 37 62 51 56 93 11 75 83 81 10 65 6 26 82 68 48 8 
TEST 198 ARG:66 34 18 70 77 92 24 88 4 83 47 15 10 69 8 31 21 39 13 28 73 25 84 49 19 43 45 7 9 58 17 76 37 65 81 51 33 44 32 60 57 26 48 50 59 41 80 63 6 64 94 87 79 42 22 11 30 29 20 95 93 61 23 74 36 16 96 14 67 35 27 89 3 71 38 0 46 99 52 86 90 62 40 85 53 12 91 78 55 5 2 97 56 82 75 1 68 72 54 98 
TEST 199 ARG:89 97 0 36 77 83 73 84 79 30 39 5 35 19 67 10 88 98 18 55 71 80 85 49 86 40 65 7 94 9 42 23 91 53 12 48 92 57 56 22 74 29 60 96 47 32 68 50 59 15 62 69 33 95 17 20 63 51 46 52 44 43 24 1 16 81 64 87 70 61 75 82 11 34 2 93 25 21 26 31 72 45 6 28 78 27 3 8 4 54 76 13 58 38 14 41 99 66 90 37 
TEST 200 ARG:36 4 96 84 46 52 6 34 32 60 29 97 93 12 7 50 94 66 35 54 44 71 23 33 95 41 64 47 65 30 28 0 45 53 20 55 78 31 68 3 86 16 2 70 15 63 67 99 13 19 8 40 1 88 37 72 75 89 25 49 56 85 43 17 98 91 74 26 9 11 58 61 92 69 79 42 76 83 22 62 21 51 38 48 39 81 59 73 90 14 27 18 5 10 57 77 24 87 82 80 
TEST 201 ARG:71 0 17 50 61 89 24 7 84 47 45 74 28 60 19 38 3 92 80 16 54 53 22 87 66 59 52 27 62 72 42 99 64 40 46 82 13 37 49 69 48 34 2 79 86 85 32 41 51 56 6 4 76 31 83 93 10 14 78 65 35 63 23 58 70 67 77 1 36 21 9 18 81 73 90 12 33 68 15 97 29 30 91 55 26 94 25 20 39 95 57 44 8 43 96 88 5 11 98 75 
Multiple size <= 500
TEST 1 ARG:-113 249 67 173 -90 51 81 -127 221 242 49 63 -193 219 -1 -187 14 -242 145 -167 -118 -172 185 -52 -33 127 61 -223 59 -99 -212 -62 181 -210 68 -160 117 -84 -241 -194 149 -10 38 23 -53 -20 -162 222 134 21 -170 -219 187 246 165 196 133 5 226 -4 130 200 -156 115 -38 193 -231 22 56 184 -124 106 -50 36 -59 243 45 3 25 135 70 201 151 50 -81 13 -214 248 96 166 -22 125 -47 207 126 -145 -226 -201 -195 16 -150 -16 -94 -225 119 94 -135 172 -78 -89 -153 128 80 98 100 155 232 176 -180 73 -178 170 72 -177 218 -75 147 211 -46 -129 -222 241 158 -114 -55 40 -9 -95 -49 -121 121 160 180 124 -60 -136 -155 -120 -203 83 37 -130 60 31 191 -228 -103 -56 -234 189 203 -65 -232 -125 -132 -74 -233 -80 111 -79 240 175 -36 -213 -11 105 -248 103 -215 -61 76 -88 -140 -182 -77 143 75 215 43 -21 -199 -208 -76 27 48 -216 -3 114 168 53 -34 -104 235 163 -7 -85 208 97 186 34 212 11 -205 33 55 -174 239 131 116 9 -144 -109 39 -134 -235 213 -100 46 -5 87 224 169 -202 -128 120 112 10 -133 -186 -28 -97 179 233 89 -224 66 77 -206 164 -229 227 -39 123 110 -171 194 -152 202 -239 236 -220 118 -185 177 -86 -218 -147 148 -189 113 -164 19 171 228 -8 -204 -63 -115 -98 -244 78 95 209 -161 107 -245 -27 85 216 26 -13 -116 -151 71 -141 -247 -246 -181 198 -18 -131 6 -51 -37 -23 -73 161 62 234 -44 237 -126 92 -175 35 -138 20 79 64 2 -112 102 15 -58 -108 -82 54 190 -68 -111 52 101 88 -236 136 -200 -32 220 65 -83 -196 -176 -207 -154 -71 -159 18 74 178 -192 -240 -2 24 -96 197 -197 -30 247 -43 47 139 -48 4 188 140 41 225 -117 -173 -169 12 -105 -69 69 142 -119 86 -45 108 -179 -42 -122 -221 104 -19 -72 -168 30 -217 91 109 -211 99 141 -158 -17 -24 -14 -209 159 -148 -183 44 231 -93 138 229 157 -110 238 -102 -165 42 -66 132 -198 -92 -191 -137 146 -40 156 -101 182 -64 153 230 -227 245 29 214 137 90 210 -107 17 167 206 58 -57 -26 82 -184 -31 -142 1 -12 129 -67 -249 -15 -190 0 -163 -25 -146 162 150 -188 -41 -106 -238 183 32 152 217 205 -91 -243 57 7 -87 154 -29 -250 -35 -143 28 -123 8 -6 122 -149 93 -54 204 -139 144 192 174 223 244 84 199 -157 -70 195 -237 -230 -166 
TEST 2 ARG:-115 -59 -232 247 37 52 -112 -82 209 -152 219 -191 -160 175 51 1 -37 57 -159 138 -197 207 184 -86 -203 -26 -11 34 14 -102 -13 62 85 99 110 238 -227 198 -53 -64 -146 171 -8 -97 243 145 -51 -18 -216 221 148 174 91 157 -181 28 18 202 -145 26 20 -250 -123 -235 -163 211 160 -174 246 -153 142 86 141 -150 206 -16 45 -224 128 147 -165 10 -120 -156 -183 124 87 43 -104 15 191 236 -67 -42 -68 150 -188 -179 129 -219 -195 -30 -185 158 -122 153 68 -62 143 -233 58 -71 -84 -161 64 215 134 -190 189 -225 133 -157 -27 7 -49 216 -65 17 200 244 108 185 -45 249 -171 -166 -66 231 -24 -55 155 114 -6 -238 27 -74 21 -246 -111 -248 199 5 -180 -198 -137 79 239 -207 -54 49 182 -213 -21 59 84 -134 169 -167 -118 111 -142 -202 -186 181 117 217 -75 131 22 225 139 100 -12 3 -151 -46 152 -125 248 -228 161 -215 -96 193 -2 -139 -149 -19 119 -22 -89 -93 -100 -61 165 -200 227 -244 29 81 103 172 112 -239 154 -39 -33 -220 -205 -172 -20 39 72 -194 136 -170 -79 101 69 42 240 -60 -101 -52 92 -17 -209 212 -154 -15 -212 164 -1 220 38 -249 -127 -5 230 -189 -231 19 201 245 82 118 205 -108 77 -206 -229 -126 194 -98 40 -128 180 -4 97 122 242 -176 -57 235 -131 -245 226 -95 229 179 31 98 2 41 -221 48 -132 -164 130 107 89 -178 -192 -117 167 61 -143 -201 196 24 -211 234 -223 -34 44 -38 116 -35 32 6 11 237 208 -129 -44 -158 -87 -69 -247 214 71 -193 -9 -119 -234 23 -168 115 173 0 -226 -147 -162 -121 127 83 -106 76 -99 -70 146 210 -58 -105 35 144 4 80 -110 -28 -218 65 126 -237 -133 -109 88 -10 96 -242 -130 213 132 192 -236 50 63 -199 70 47 75 162 170 53 60 95 233 -148 222 186 -208 36 -76 16 -78 -114 -73 -187 -230 90 -243 13 241 -7 9 -48 -196 -210 -184 -92 -83 149 30 121 232 137 177 125 -41 -240 56 -175 -94 224 -25 190 -182 228 183 -204 -155 -14 -116 -140 78 -214 113 54 -77 218 102 -43 109 166 -141 223 73 -56 168 204 -50 8 67 140 -135 -31 12 -124 -85 46 197 163 93 33 -241 -40 -144 -222 -217 135 -90 187 74 -169 156 104 159 -32 94 195 -177 151 -47 176 -29 106 -107 105 120 -103 203 -63 188 -136 66 -36 123 -91 -72 -88 -138 -113 -173 -23 178 -81 25 55 -3 -80 
TEST 3 ARG:-52 244 228 -66 -230 -90 -151 37 -27 -162 61 109 -12 226 -246 22 -211 -205 6 51 191 211 107 -17 225 -200 -139 -125 -128 -112 -242 16 11 119 94 175 -40 -25 102 -192 -43 -115 105 5 192 246 -34 -71 -105 116 -89 217 -239 139 -49 -222 -193 -182 178 -152 215 188 -136 186 144 210 83 -143 -233 69 -190 45 -79 93 -237 -51 -198 -58 -195 28 43 128 200 168 49 53 133 202 81 -18 117 -206 -29 -54 -97 227 -41 4 -241 -248 2 222 -179 -9 65 229 31 -127 158 20 24 -172 44 -8 218 -133 -64 -122 -146 160 247 -108 248 -56 196 183 142 30 -234 73 18 74 42 219 241 21 176 -236 40 -174 -109 208 154 63 17 97 -60 -118 -134 57 127 205 39 -117 14 -240 -23 -168 249 -180 165 -7 -187 -83 -166 -244 -74 -185 -10 -103 237 157 -69 -65 -167 -226 -81 62 136 -37 -113 77 90 -135 206 -32 70 -42 169 -158 204 -184 -212 -191 -4 -102 -48 -202 140 150 -165 -98 -1 26 245 221 233 -63 -145 177 163 13 180 -55 174 -221 -153 46 238 -232 -227 -219 124 -70 129 170 189 71 -59 47 112 -76 -57 -155 134 -196 79 234 197 72 141 166 243 60 -129 -189 213 231 -214 52 171 153 195 106 54 155 113 -225 34 -11 130 48 -137 143 111 -100 179 -107 185 203 -243 1 224 -249 75 -121 -183 -99 -186 114 -228 -92 -72 38 -156 -213 78 -231 -36 125 110 201 138 -119 -31 -171 89 -24 -140 223 -45 -94 -33 -126 -20 82 123 131 -175 -78 -22 -77 209 190 -170 108 220 -178 -130 -148 -161 64 212 67 181 -96 -21 -141 58 -245 3 56 187 152 145 239 236 148 -91 -159 -46 92 -132 -101 99 -110 35 88 199 12 -217 -238 98 -124 149 -177 -14 -169 207 23 -204 25 -73 -44 159 -85 235 36 -199 -16 147 216 104 -131 -216 -114 -208 0 -61 -62 135 -160 9 -144 -86 -218 86 10 -88 -93 33 -95 126 184 -142 162 -106 -147 -111 -149 87 122 -30 -82 -19 167 -210 230 -13 -123 50 -5 -209 -2 15 -15 182 91 164 55 -28 -75 -26 194 103 -68 232 193 -203 66 -181 173 121 -201 -3 242 -163 -229 -207 118 59 -50 132 84 85 115 -220 -176 7 100 -39 214 -53 -157 101 -87 -173 -250 -154 -194 68 -84 161 -197 -116 -47 137 -224 198 -104 151 32 8 146 -164 156 41 -215 -38 120 -188 -67 -138 27 -150 240 76 96 -247 -35 -235 19 -120 -80 95 80 -223 172 29 -6 
TEST 4 ARG:3 225 186 -155 -112 -131 -136 93 4 174 65 67 -122 -149 192 -63 -45 135 -30 73 54 -242 -5 92 45 137 -227 -150 34 -48 -66 118 139 -135 233 39 -82 146 16 69 -191 9 162 126 203 -212 172 47 228 102 122 -164 -210 180 127 -241 200 -218 -232 70 -1 42 189 -235 -97 171 -42 181 182 114 33 -115 246 -203 -69 178 159 217 154 207 -113 -134 211 -72 -193 -170 191 -99 28 -86 -22 -65 50 -199 -229 -124 12 -21 -11 -106 136 -132 117 -104 -220 168 156 120 108 223 -179 -151 -145 -108 1 -176 -186 -71 -36 151 -57 -205 -233 58 196 188 90 -83 116 -123 161 -39 99 -180 226 132 -236 152 -209 -68 199 6 -219 -67 -78 -58 84 -14 144 -174 -61 -138 -29 -27 164 -130 88 -133 158 238 227 -23 229 -157 83 86 -87 -70 -18 221 -158 -79 -183 219 -31 157 95 124 -6 62 77 107 29 195 49 87 109 -188 148 -181 -33 -54 -92 -154 123 -244 153 -245 110 -9 94 -137 216 -74 -47 -221 -201 -117 183 -182 -15 213 79 -173 19 -224 2 214 240 -7 190 141 105 21 -37 82 -141 5 -110 -178 72 -76 -40 220 -139 -114 -200 205 145 26 -119 -125 31 40 -3 -25 -100 -128 187 -111 -17 14 -175 -198 -118 -64 -161 101 198 15 -248 -169 27 230 -231 160 235 -247 106 206 231 97 -41 -107 18 38 -35 -10 -194 10 -116 133 11 -250 -148 98 236 -167 -196 -184 -213 -46 36 112 208 212 -4 165 -91 197 -163 -50 -94 -156 -55 -80 166 -162 78 179 125 155 -207 81 -59 -147 -185 0 57 -168 -120 60 -109 -77 7 128 59 121 -85 -146 66 138 173 -8 131 104 -95 -166 170 185 25 -89 -12 -26 68 234 209 147 48 -88 -144 17 103 -60 201 -142 -197 -75 -127 53 -223 100 -19 -90 215 -38 -13 -240 -177 -56 -195 -243 218 176 -28 115 143 224 -153 -204 194 -51 74 249 241 140 -103 8 85 23 -16 -143 202 -246 56 20 -129 232 41 -214 76 204 -187 -239 -171 163 91 -73 37 55 167 -96 32 -192 -44 75 -225 -230 -172 -84 51 -81 63 30 244 -102 -126 46 -160 -211 -140 -159 61 111 193 247 80 -32 -217 184 -226 22 237 119 71 43 175 -215 -49 -121 35 -216 130 -62 -228 134 -189 -237 -93 242 210 243 -234 239 64 -165 44 -24 89 -53 96 -152 169 245 142 -206 113 24 -2 248 52 -20 -43 -222 -101 -34 -249 -190 177 149 150 -238 -208 13 -98 -52 222 -105 -202 129 
TEST 5 ARG:-186 70 134 188 -183 -96 27 -148 -195 -130 175 -140 -143 231 -63 -247 -189 -56 43 -179 -117 -22 -238 113 74 -42 91 -208 -217 81 -128 235 -44 -79 226 -107 -134 -250 38 20 -184 210 37 -197 192 6 -61 203 -95 96 11 162 23 -158 -215 -40 173 -94 153 -8 -75 -33 -223 -25 183 214 -123 -64 -19 -53 -166 12 164 83 154 -110 89 -141 -219 -191 149 -237 5 163 -72 79 63 225 191 159 104 -203 -248 -125 121 136 -204 40 -176 -174 148 -116 179 -31 -218 69 182 -246 -131 -102 -161 -103 249 -180 -193 247 140 59 -86 -206 -230 125 -201 50 -20 185 -192 -66 131 -178 -210 209 62 -150 -171 -235 120 141 -173 207 116 -146 190 234 -13 75 -47 143 178 128 53 228 -157 -211 -105 -90 97 -240 -241 10 -144 35 151 -185 156 -194 -23 -209 -135 195 -27 105 48 -228 57 -177 176 68 -213 -50 174 87 -99 100 -188 45 60 -14 218 30 123 -108 -30 139 -212 -153 80 -39 34 -198 111 -187 9 -245 196 110 146 -214 172 220 -152 -109 184 85 -45 -137 -55 -15 98 -207 236 41 -52 16 -18 198 33 124 26 -119 -156 -244 205 -82 239 222 -76 115 77 157 177 180 46 99 155 -28 -167 -155 -129 204 -151 -12 -122 219 61 101 55 147 243 -181 -133 -199 -164 132 211 -163 -58 -226 229 133 227 129 -126 -221 109 -69 -70 -124 -160 237 241 245 72 -41 -190 -34 -196 -16 -98 -38 217 -43 21 232 -88 171 58 47 127 224 7 -220 -222 -57 -224 -97 -172 201 142 -83 181 233 206 -147 -49 168 -91 137 102 -81 -37 0 -5 135 24 187 -6 31 17 -136 -138 122 -77 -225 208 -71 167 117 -112 -3 -84 78 -169 95 216 -205 29 160 -48 88 145 197 -65 22 -7 -62 28 248 -121 -118 15 -249 -10 -120 -29 -54 44 -85 93 186 -26 189 -51 56 3 -216 -149 138 -239 -145 -182 244 144 166 202 152 -4 -78 212 -111 -24 66 169 65 118 193 86 238 -229 -21 130 52 -106 51 -132 194 76 158 67 106 230 94 -231 -36 165 -74 4 -233 -127 18 -165 54 -200 2 36 -100 8 -73 71 -93 -115 -59 221 107 -234 -80 112 -236 84 150 -139 -89 200 -162 -113 25 -92 -1 64 126 -227 -67 -68 -114 19 114 103 -2 49 14 -142 82 -101 -232 -32 32 246 242 -175 215 92 -11 108 223 119 -9 -17 73 1 199 170 -87 -242 42 -104 -170 -46 213 -202 39 161 -60 -154 -168 -35 240 90 -159 -243 13 
TEST 6 ARG:-225 131 55 -249 -211 106 -76 154 -3 -232 233 -151 -40 -94 184 -178 -143 -112 3 70 69 215 97 50 230 -194 92 -101 -65 -224 101 174 89 -31 78 23 155 157 -159 244 59 -220 -161 124 160 229 -170 -47 -34 63 9 33 129 -13 -160 180 217 111 -82 247 53 -227 223 10 -157 -129 246 -121 118 -173 -122 -177 -149 176 236 -153 -27 248 107 68 -81 135 -203 -234 245 145 -182 -152 120 20 178 -5 58 -56 87 115 21 231 -197 163 88 -219 -248 -229 26 18 240 -204 -191 150 -84 -22 -195 -55 -89 -48 -165 205 -180 35 242 -156 186 86 206 -198 -200 -39 237 -62 216 77 203 -12 171 126 -208 239 37 -23 -169 -10 -66 243 219 -16 -235 -50 -18 -15 -53 143 56 228 -103 -150 187 -29 -11 48 -98 -46 51 -137 -218 65 -167 -87 -130 -91 112 134 1 -231 -54 -241 -64 195 -57 -238 -100 -187 -117 67 -228 -223 123 114 16 204 -106 22 -205 -202 -70 -163 30 -181 94 -171 -21 40 207 46 227 39 -90 -190 -136 201 209 -172 -209 -236 159 140 -88 60 -247 -250 105 -75 19 -9 179 208 139 62 -95 -25 -145 13 197 85 113 166 222 29 198 -131 98 75 -162 202 193 151 -1 42 191 164 -127 -41 -19 5 49 -158 -216 192 -140 -124 -14 -186 7 73 137 152 -28 83 185 144 27 6 -141 45 136 -221 -2 -239 -244 226 47 162 -61 238 -97 36 -215 214 82 -85 -146 -99 17 149 194 -118 14 234 -166 -108 158 -96 -78 213 232 142 -77 211 188 122 168 -93 -139 -32 -206 153 224 241 -113 -133 -123 128 -125 93 -17 -52 249 38 199 -20 -230 119 121 90 -148 74 -243 -51 52 96 -83 -245 24 -102 -128 -196 -192 110 -92 -4 100 189 -212 71 -154 116 102 -59 -111 -246 -164 130 221 -68 173 -201 -193 117 -105 54 -60 -188 103 -42 -142 -120 -183 -135 -210 108 -109 -138 11 66 -24 -189 220 -114 -43 31 -199 -67 -184 169 156 -119 72 44 -147 125 -26 8 -7 -240 -222 -107 -226 190 -179 104 28 -38 -175 -74 -35 218 -104 -72 -207 -37 161 -69 -213 141 -144 91 -116 76 -80 32 109 84 225 -214 -237 132 147 -134 -6 165 182 210 -155 181 64 -73 95 -8 -58 -49 -126 -45 127 -168 177 25 170 15 41 -33 196 -44 146 175 138 235 167 -30 -185 200 80 -63 -174 57 183 43 0 -176 -36 4 -217 -132 34 -79 -233 12 79 -86 99 81 172 61 133 -242 -71 -110 212 -115 148 2 
TEST 7 ARG:149 -134 170 -211 -152 87 -88 17 211 167 191 -50 2 50 162 218 -173 113 -227 -76 30 -65 93 134 81 -29 91 -144 -136 137 -183 246 -206 -228 41 -7 -142 -55 -226 -51 -229 -17 -19 156 -122 -143 66 -194 65 74 -247 -192 67 -85 -147 235 169 204 -113 -112 28 -145 -23 -203 -191 186 -119 187 -225 42 -176 -67 -127 100 5 226 135 202 -155 217 237 -69 -34 -189 -87 163 38 176 190 -9 -180 117 -15 179 -166 80 241 -8 8 -235 -77 -121 145 -10 -174 194 -72 -156 -231 -248 236 -246 -66 60 -164 230 12 -153 142 -68 -241 178 -146 -239 -154 -6 47 -114 -179 -126 -216 122 196 249 -96 139 96 -169 216 -63 -249 -24 192 -105 225 18 151 -89 200 -116 118 -130 173 -160 -60 -46 -98 40 -61 248 -43 -120 49 209 123 99 -75 -182 165 -223 -243 -102 55 115 245 177 130 -79 -200 -250 213 -117 243 -73 -205 97 221 155 -62 -2 222 -168 -27 -25 92 116 185 -47 103 24 85 -161 13 61 39 -201 22 -64 128 -58 7 114 -137 -22 -172 -141 98 -224 160 -129 82 -30 132 -32 -139 -128 16 150 -140 233 146 153 234 199 147 -71 102 206 -150 141 11 203 201 -219 -151 -13 -81 -41 88 36 71 53 -214 -18 86 -78 -84 107 25 -178 -109 6 -90 10 -165 83 -26 -149 9 220 -218 -215 -184 32 -181 -133 -59 -212 -83 -220 -28 184 -12 183 -80 89 -210 -125 -14 -91 -131 34 -99 -115 -39 -198 127 168 64 95 -245 189 -170 197 -54 -244 -124 0 90 158 215 77 -132 106 -107 -177 -4 -100 210 27 -163 -204 207 69 172 111 -185 229 31 -52 43 157 -95 105 14 -240 238 -237 124 212 -213 232 143 101 35 46 84 159 -171 52 -188 -230 -138 -104 144 4 228 108 -159 119 63 -221 44 133 -1 -186 121 -57 244 -93 -45 198 138 -202 58 23 -3 -190 180 -111 247 205 166 208 79 -236 94 195 -31 240 3 131 -157 -195 120 154 -135 -199 57 19 -38 -106 -92 175 -21 -110 -207 -187 164 109 148 51 223 -97 -53 -196 -42 140 78 -222 75 -11 126 26 104 -35 -123 70 59 -70 -208 193 -36 -40 -86 182 -94 -44 174 -48 -238 129 -158 56 219 136 48 -82 -37 21 181 -118 -16 -193 37 -232 -74 73 -209 -217 -233 29 15 -20 -108 -242 -162 188 -175 110 33 76 -167 112 72 231 125 227 -234 -33 -148 -197 62 -49 -103 239 214 242 54 20 1 68 152 -5 161 -56 45 -101 171 224 
TEST 8 ARG:40 -71 214 -12 -130 119 107 173 -142 -214 57 249 108 181 192 -14 170 151 -114 -183 -76 -196 0 -177 -179 -86 140 239 177 -48 -94 51 248 -127 -109 -116 36 44 -106 178 132 194 4 -84 -40 124 -215 11 -46 244 46 96 -81 -187 34 158 122 229 236 49 -98 -31 221 130 -134 -198 -103 184 -59 116 153 50 -234 213 -244 -100 -218 -75 -92 215 -165 22 -242 -203 -85 -171 20 29 157 228 -51 -210 -122 -54 232 -2 111 63 216 -233 -111 222 -238 -64 -66 -18 84 12 2 -105 64 168 190 -10 -124 246 235 -150 58 90 -70 193 -27 247 125 147 -25 -156 -26 -73 210 23 241 -11 -231 183 185 139 -107 -137 -9 -36 202 87 -209 75 65 -249 199 -185 -139 102 -135 189 81 -148 203 -232 -166 225 234 -5 -95 67 187 -128 -186 -93 137 198 15 97 -43 -162 -47 115 70 82 -8 105 99 207 -55 -151 167 -141 -246 19 240 56 95 21 -89 17 53 126 33 31 -168 -227 -205 101 -17 -37 162 94 -56 -155 -240 171 -193 219 -19 -202 182 98 68 -7 -197 -33 26 43 160 -133 6 169 237 220 76 -228 25 -157 42 145 -3 138 -57 -102 -120 -131 144 -69 -184 14 131 -41 60 -58 -34 18 1 -219 -44 -45 205 154 -220 66 -216 -63 -188 -132 211 45 80 112 -42 -22 32 -90 156 201 -190 133 -39 231 -201 -49 88 146 -24 86 41 -123 -229 38 30 -143 -154 3 -138 -237 -245 -110 196 13 59 109 61 245 -79 78 195 -146 -163 -172 164 -195 218 85 226 100 -152 -13 212 -61 121 8 -191 -170 180 -50 69 -113 117 -35 -82 -117 -118 -147 -212 110 -101 -224 -182 224 -115 209 -144 -211 -199 -53 -80 -99 -248 -174 -200 54 -230 106 -91 238 -250 74 24 -6 -30 83 -160 79 -180 -129 -226 -189 141 -38 -83 142 -153 5 10 -241 71 48 104 -149 -239 -161 -67 -173 28 114 155 -194 77 -176 191 -204 128 91 -68 52 243 217 39 -4 9 200 -175 186 123 -96 -222 -108 -32 93 -247 227 -136 35 -72 134 -192 174 -181 103 -126 -167 148 223 -23 -213 55 -217 62 -21 -77 -20 -112 152 -52 230 -221 143 118 -235 -164 172 -236 -78 136 -159 -243 120 -125 150 -119 197 233 -29 163 -207 72 188 -15 -16 47 -225 -74 -87 -121 127 -145 -158 179 -206 -28 161 37 -97 7 176 -65 206 204 165 242 149 -1 208 -88 175 92 -178 -140 129 -104 159 16 135 73 -62 89 166 -223 113 -208 27 -169 -60 
TEST 9 ARG:80 13 -88 174 -145 78 147 125 236 -134 247 -179 -36 206 113 184 -239 -10 -71 -152 2 -19 208 109 102 -22 122 38 -202 59 49 82 -184 54 -220 -213 215 -124 -244 -73 207 -51 172 85 129 148 -146 144 12 -212 146 -12 180 -207 66 170 -3 154 -242 -171 187 -183 -43 29 7 64 -93 234 -106 -176 177 -91 -226 -76 -195 98 3 107 43 182 181 -240 31 194 123 -151 214 89 63 -110 14 -32 -142 83 227 4 -197 162 188 -79 -111 -109 150 -157 100 45 199 -248 -180 27 15 106 28 -191 -175 24 -139 -190 -121 -20 111 41 166 -101 -162 -225 95 205 65 -107 -66 -64 -135 -219 -144 142 230 -204 93 -228 -227 -246 79 -209 115 212 -97 -198 237 32 -39 -59 -235 -74 19 -158 -6 104 -205 189 -16 151 -11 50 60 11 167 -52 -153 241 -4 233 -24 -154 216 46 -131 23 -128 168 -15 220 213 87 1 248 75 -63 -78 17 90 -2 169 139 242 -216 -169 -29 222 -67 -243 -26 34 228 6 26 226 -35 -163 -84 -21 88 -132 -30 -206 77 140 -14 -222 -13 176 -56 138 -104 117 -149 136 -156 -57 135 -68 -108 210 -148 219 -167 -185 81 -45 -172 30 -173 -221 143 -215 -143 -123 16 159 179 -118 124 -137 149 186 202 71 -49 118 55 153 -247 -42 152 91 131 -241 -38 -136 -77 -99 -1 -155 40 -34 -200 -70 -27 120 238 10 -40 -100 203 -86 -60 -182 20 -166 96 -87 86 204 171 33 67 183 -82 223 165 37 196 145 211 -17 0 -192 -238 -125 -203 -8 244 -33 245 61 134 240 -28 18 -231 -7 -25 -201 -54 -72 -211 -50 128 -41 5 -177 22 133 225 9 209 68 -98 52 -94 116 -210 -120 221 -164 -208 -5 -161 53 25 -168 193 163 -229 161 -116 -174 -245 -61 44 36 103 157 -9 217 -37 -189 -44 249 21 -234 -186 -117 74 -193 -138 57 -133 -150 -69 56 -112 35 114 127 130 -103 -81 112 -178 -250 -55 -31 39 42 8 84 72 48 -218 -199 94 173 235 -127 158 -187 97 110 -165 -217 195 -147 -18 -141 -53 160 -232 -105 191 141 -75 156 62 175 -48 92 -140 -233 239 -89 185 -236 99 -115 73 164 121 -113 224 190 178 -129 -80 246 -23 201 47 -249 192 -95 -194 -46 126 76 -196 -224 -62 243 119 229 -92 -159 -237 101 105 -122 -90 231 -230 -223 -181 -65 -102 -160 232 -126 -130 58 70 69 155 218 -58 -188 108 -119 197 198 200 137 -214 -47 -114 -170 51 -96 132 -85 -83 
TEST 10 ARG:234 67 169 -192 54 63 120 55 -4 3 -206 -195 -161 -250 -75 -29 101 123 -135 203 -122 -174 211 -25 217 -113 193 -117 33 -103 240 -141 41 179 89 -230 188 -204 110 17 -105 -247 -60 214 -43 149 44 -240 141 -181 -147 148 77 205 -217 -233 -37 147 197 -54 142 134 -94 57 -22 171 -92 -139 -84 219 14 243 -26 -48 -78 0 180 155 71 210 -207 65 -116 -70 -239 -127 -203 80 223 165 52 10 -79 195 -215 231 192 208 -90 102 184 -61 215 -163 -182 92 24 -237 -3 50 -87 -69 -71 -166 -205 -200 26 -196 -15 -138 -65 146 11 -66 -134 98 116 -112 29 -154 100 34 -187 -109 107 220 86 139 -243 25 -153 -55 20 162 59 -201 -39 -45 -56 42 -151 -73 -8 -34 247 -27 157 -5 -210 136 -214 249 159 -202 143 -208 -244 130 -53 135 -160 -219 -100 133 99 226 95 -114 -191 -88 228 156 -63 -21 166 -226 15 246 -82 90 -234 -41 72 48 -35 182 132 -120 -236 5 128 -59 60 -168 -31 -1 -125 23 83 -36 248 -229 -218 32 85 -129 97 -186 22 -32 40 46 -99 -106 -123 118 129 112 201 -231 -115 -38 -225 -18 -44 235 174 126 -241 -118 -107 81 66 213 167 160 1 190 -72 78 154 -184 109 108 178 229 -80 -172 -221 -212 -86 -148 -175 -222 238 236 -140 73 36 183 45 -121 19 177 -58 -190 43 -144 106 152 140 -220 125 239 -83 -110 -197 39 -77 127 172 168 103 -156 181 -178 191 -193 -242 -97 -95 145 -158 -101 -170 117 173 196 68 35 -24 -102 47 -126 227 -165 161 93 -248 -211 -223 -20 -137 -13 -52 153 -159 94 7 38 -10 206 115 114 202 -6 -213 -28 -164 74 186 -183 -7 -157 104 105 230 209 6 -155 194 -42 -50 56 237 -249 -232 79 -108 216 16 164 -162 -93 -145 -142 225 -49 -169 -17 218 -98 58 -74 241 221 12 75 138 30 -198 -235 -16 -40 -176 -9 -228 151 -171 91 84 150 242 -12 -14 212 88 189 163 -246 -46 -136 244 -188 -67 69 -85 -238 199 -146 37 -180 -33 -104 158 -57 -64 62 -76 -167 31 -132 76 185 -51 -185 8 119 -130 18 -62 200 87 51 233 -19 -128 -216 122 -131 -152 -89 -2 -30 137 -68 21 -81 245 -150 -189 -179 -199 -227 28 -119 -173 -91 27 -111 232 124 -124 176 4 96 -96 144 113 187 2 204 53 61 170 207 -177 -143 121 64 -23 -47 -149 -245 9 82 224 131 222 -224 -11 49 198 13 -133 175 -209 70 -194 111 
TEST 11 ARG:-80 -112 12 118 -176 46 101 -79 21 -101 -144 100 -90 110 184 3 -64 224 -17 -47 -236 89 30 -121 -56 -61 -15 160 41 238 -89 -232 81 154 -194 27 11 -6 14 53 -215 -246 -186 -234 -16 -242 103 138 243 214 -43 -217 -1 140 217 66 31 113 136 189 -143 5 178 122 -219 209 -127 -149 -11 134 28 -162 1 203 56 -235 38 -54 -166 -205 -33 180 119 228 48 -21 -68 -198 -216 -157 68 -23 -118 148 -209 -131 120 155 -129 -244 -148 171 -190 -193 142 -7 -204 -70 -132 -116 -206 182 -2 242 61 -146 -239 -27 57 -67 141 144 -177 237 -44 190 193 -141 -113 -24 -168 -18 75 174 -14 102 84 -66 240 -182 40 -109 39 -202 163 177 -37 52 -125 51 59 150 127 -229 76 -115 7 -237 -102 -179 -212 -222 -45 -248 -180 36 -9 147 -13 -145 -123 219 -41 -72 206 -20 152 50 -28 -184 -108 -130 -224 159 -32 -59 196 -65 -133 105 -35 -117 -29 23 -196 164 58 -88 236 -165 43 186 -213 -214 221 77 222 -175 -136 -31 32 -154 -98 82 -250 -153 -200 -4 80 -78 -126 60 -22 -114 226 67 -218 204 194 -71 -183 8 -5 -73 -160 151 83 -36 215 73 -223 -147 -220 -225 -34 54 -150 211 -138 111 -91 98 35 62 161 4 -187 -26 88 -50 -99 -139 86 -189 199 -107 71 -46 -142 -85 -12 198 -111 34 220 -181 65 167 -120 -249 -240 93 -10 -185 187 106 -95 -210 94 -228 -226 95 -103 -191 -174 -106 143 -84 131 175 -62 -227 223 -53 37 197 -51 -207 137 72 157 -161 139 241 -82 -42 18 112 216 42 246 -247 232 172 -178 -110 200 44 -86 78 -230 -164 116 19 -221 132 130 -96 24 -74 99 133 146 169 -55 -58 45 -231 104 79 74 10 162 25 -8 17 149 -167 -105 87 115 192 -94 -192 9 -151 156 -238 -77 -158 -81 208 -135 129 22 26 2 33 69 85 108 -87 -169 212 -49 239 247 -40 248 -211 -93 -128 -19 -124 -104 -69 -170 234 170 91 -241 173 -163 -92 -233 -201 -75 -159 109 135 -3 249 -76 195 55 181 49 -195 -243 -100 230 188 231 210 -203 -48 47 165 176 158 16 70 -173 -97 15 121 235 -63 207 202 201 145 114 -140 179 90 -30 6 183 123 -38 20 -57 153 96 218 166 -171 126 -39 64 185 -245 -119 125 191 13 -208 -155 -134 213 -152 -137 -188 92 -122 -25 29 205 63 -156 227 244 128 -199 -60 -52 233 -83 -172 124 0 245 168 107 97 -197 229 117 225 
